1.600000000000000000e+01
2.900000000000000000e+01
4.700000000000000000e+01
6.200000000000000000e+01
6.500000000000000000e+01
6.600000000000000000e+01
6.900000000000000000e+01
7.000000000000000000e+01
7.600000000000000000e+01
1.000000000000000000e+02
1.130000000000000000e+02
1.250000000000000000e+02
1.320000000000000000e+02
1.500000000000000000e+02
1.510000000000000000e+02
1.610000000000000000e+02
1.660000000000000000e+02
1.840000000000000000e+02
2.050000000000000000e+02
2.150000000000000000e+02
2.220000000000000000e+02
2.240000000000000000e+02
2.260000000000000000e+02
2.420000000000000000e+02
2.500000000000000000e+02
2.520000000000000000e+02
2.580000000000000000e+02
2.610000000000000000e+02
2.700000000000000000e+02
2.950000000000000000e+02
3.050000000000000000e+02
3.150000000000000000e+02
3.650000000000000000e+02
3.710000000000000000e+02
3.720000000000000000e+02
3.810000000000000000e+02
3.830000000000000000e+02
3.930000000000000000e+02
3.950000000000000000e+02
4.110000000000000000e+02
4.250000000000000000e+02
4.720000000000000000e+02
4.740000000000000000e+02
5.010000000000000000e+02
5.080000000000000000e+02
5.270000000000000000e+02
5.390000000000000000e+02
5.510000000000000000e+02
5.670000000000000000e+02
5.830000000000000000e+02
6.000000000000000000e+02
6.180000000000000000e+02
6.430000000000000000e+02
6.450000000000000000e+02
6.990000000000000000e+02
7.010000000000000000e+02
7.020000000000000000e+02
7.030000000000000000e+02
7.050000000000000000e+02
7.110000000000000000e+02
7.150000000000000000e+02
7.450000000000000000e+02
7.760000000000000000e+02
7.940000000000000000e+02
7.970000000000000000e+02
8.010000000000000000e+02
8.170000000000000000e+02
8.210000000000000000e+02
8.230000000000000000e+02
8.320000000000000000e+02
8.620000000000000000e+02
8.660000000000000000e+02
9.130000000000000000e+02
9.140000000000000000e+02
9.340000000000000000e+02
9.360000000000000000e+02
9.580000000000000000e+02
9.610000000000000000e+02
9.970000000000000000e+02
1.018000000000000000e+03
1.046000000000000000e+03
1.070000000000000000e+03
1.087000000000000000e+03
1.088000000000000000e+03
1.106000000000000000e+03
1.114000000000000000e+03
1.118000000000000000e+03
1.124000000000000000e+03
1.134000000000000000e+03
1.150000000000000000e+03
1.163000000000000000e+03
1.169000000000000000e+03
1.179000000000000000e+03
1.194000000000000000e+03
1.205000000000000000e+03
1.212000000000000000e+03
1.219000000000000000e+03
1.232000000000000000e+03
1.242000000000000000e+03
1.253000000000000000e+03
1.262000000000000000e+03
1.280000000000000000e+03
1.302000000000000000e+03
1.321000000000000000e+03
1.342000000000000000e+03
1.345000000000000000e+03
1.349000000000000000e+03
1.355000000000000000e+03
1.364000000000000000e+03
1.373000000000000000e+03
1.420000000000000000e+03
1.429000000000000000e+03
1.514000000000000000e+03
1.530000000000000000e+03
1.581000000000000000e+03
1.605000000000000000e+03
1.642000000000000000e+03
1.663000000000000000e+03
1.689000000000000000e+03
1.699000000000000000e+03
1.705000000000000000e+03
1.712000000000000000e+03
1.716000000000000000e+03
1.735000000000000000e+03
1.749000000000000000e+03
1.753000000000000000e+03
1.756000000000000000e+03
1.759000000000000000e+03
1.770000000000000000e+03
1.775000000000000000e+03
1.777000000000000000e+03
1.794000000000000000e+03
1.821000000000000000e+03
1.824000000000000000e+03
1.827000000000000000e+03
1.850000000000000000e+03
1.851000000000000000e+03
1.852000000000000000e+03
1.862000000000000000e+03
1.871000000000000000e+03
1.885000000000000000e+03
1.904000000000000000e+03
1.917000000000000000e+03
1.921000000000000000e+03
1.927000000000000000e+03
1.934000000000000000e+03
1.950000000000000000e+03
2.001000000000000000e+03
2.026000000000000000e+03
2.041000000000000000e+03
2.079000000000000000e+03
2.101000000000000000e+03
2.110000000000000000e+03
2.177000000000000000e+03
2.179000000000000000e+03
2.188000000000000000e+03
2.200000000000000000e+03
2.210000000000000000e+03
2.213000000000000000e+03
2.227000000000000000e+03
2.247000000000000000e+03
2.257000000000000000e+03
2.264000000000000000e+03
2.281000000000000000e+03
2.288000000000000000e+03
2.321000000000000000e+03
2.356000000000000000e+03
2.383000000000000000e+03
2.408000000000000000e+03
2.412000000000000000e+03
2.439000000000000000e+03
2.441000000000000000e+03
2.483000000000000000e+03
2.509000000000000000e+03
2.514000000000000000e+03
2.522000000000000000e+03
2.530000000000000000e+03
2.536000000000000000e+03
2.539000000000000000e+03
2.546000000000000000e+03
2.612000000000000000e+03
2.627000000000000000e+03
2.677000000000000000e+03
2.696000000000000000e+03
2.727000000000000000e+03
2.739000000000000000e+03
2.746000000000000000e+03
2.762000000000000000e+03
2.767000000000000000e+03
2.775000000000000000e+03
2.778000000000000000e+03
2.783000000000000000e+03
2.784000000000000000e+03
2.790000000000000000e+03
2.795000000000000000e+03
2.797000000000000000e+03
2.802000000000000000e+03
2.845000000000000000e+03
2.850000000000000000e+03
2.861000000000000000e+03
2.876000000000000000e+03
2.878000000000000000e+03
2.923000000000000000e+03
2.943000000000000000e+03
2.959000000000000000e+03
2.965000000000000000e+03
2.967000000000000000e+03
2.980000000000000000e+03
2.984000000000000000e+03
2.985000000000000000e+03
2.988000000000000000e+03
2.991000000000000000e+03
3.001000000000000000e+03
3.002000000000000000e+03
3.031000000000000000e+03
3.045000000000000000e+03
3.060000000000000000e+03
3.072000000000000000e+03
3.076000000000000000e+03
3.091000000000000000e+03
3.096000000000000000e+03
3.104000000000000000e+03
3.147000000000000000e+03
3.174000000000000000e+03
3.192000000000000000e+03
3.204000000000000000e+03
3.205000000000000000e+03
3.214000000000000000e+03
3.217000000000000000e+03
3.222000000000000000e+03
3.233000000000000000e+03
3.251000000000000000e+03
3.256000000000000000e+03
3.260000000000000000e+03
3.279000000000000000e+03
3.283000000000000000e+03
3.286000000000000000e+03
3.291000000000000000e+03
3.311000000000000000e+03
3.338000000000000000e+03
3.348000000000000000e+03
3.357000000000000000e+03
3.370000000000000000e+03
3.393000000000000000e+03
3.414000000000000000e+03
3.417000000000000000e+03
3.426000000000000000e+03
3.452000000000000000e+03
3.454000000000000000e+03
3.463000000000000000e+03
3.475000000000000000e+03
3.482000000000000000e+03
3.489000000000000000e+03
3.492000000000000000e+03
3.495000000000000000e+03
3.498000000000000000e+03
3.501000000000000000e+03
3.506000000000000000e+03
3.517000000000000000e+03
3.521000000000000000e+03
3.551000000000000000e+03
3.577000000000000000e+03
3.583000000000000000e+03
3.604000000000000000e+03
3.621000000000000000e+03
3.630000000000000000e+03
3.681000000000000000e+03
3.702000000000000000e+03
3.723000000000000000e+03
3.725000000000000000e+03
3.756000000000000000e+03
3.780000000000000000e+03
3.799000000000000000e+03
3.814000000000000000e+03
3.823000000000000000e+03
3.829000000000000000e+03
3.830000000000000000e+03
3.880000000000000000e+03
3.888000000000000000e+03
3.891000000000000000e+03
3.894000000000000000e+03
3.907000000000000000e+03
3.922000000000000000e+03
3.927000000000000000e+03
3.931000000000000000e+03
3.934000000000000000e+03
3.952000000000000000e+03
3.986000000000000000e+03
3.993000000000000000e+03
4.010000000000000000e+03
4.018000000000000000e+03
4.042000000000000000e+03
4.078000000000000000e+03
4.080000000000000000e+03
4.111000000000000000e+03
4.114000000000000000e+03
4.119000000000000000e+03
4.134000000000000000e+03
4.154000000000000000e+03
4.160000000000000000e+03
4.170000000000000000e+03
4.188000000000000000e+03
4.190000000000000000e+03
4.216000000000000000e+03
4.219000000000000000e+03
4.220000000000000000e+03
4.246000000000000000e+03
4.259000000000000000e+03
4.261000000000000000e+03
4.273000000000000000e+03
4.306000000000000000e+03
4.324000000000000000e+03
4.329000000000000000e+03
4.349000000000000000e+03
4.354000000000000000e+03
4.391000000000000000e+03
4.421000000000000000e+03
4.437000000000000000e+03
4.464000000000000000e+03
4.466000000000000000e+03
4.467000000000000000e+03
4.468000000000000000e+03
4.491000000000000000e+03
4.575000000000000000e+03
4.599000000000000000e+03
4.605000000000000000e+03
4.675000000000000000e+03
4.678000000000000000e+03
4.680000000000000000e+03
4.698000000000000000e+03
4.711000000000000000e+03
4.726000000000000000e+03
4.739000000000000000e+03
4.771000000000000000e+03
4.772000000000000000e+03
4.790000000000000000e+03
4.795000000000000000e+03
4.811000000000000000e+03
4.843000000000000000e+03
4.850000000000000000e+03
4.855000000000000000e+03
4.859000000000000000e+03
4.905000000000000000e+03
4.908000000000000000e+03
4.932000000000000000e+03
4.976000000000000000e+03
4.981000000000000000e+03
4.987000000000000000e+03
5.027000000000000000e+03
5.034000000000000000e+03
5.044000000000000000e+03
5.052000000000000000e+03
5.054000000000000000e+03
5.069000000000000000e+03
5.080000000000000000e+03
5.081000000000000000e+03
5.118000000000000000e+03
5.128000000000000000e+03
5.144000000000000000e+03
5.148000000000000000e+03
5.149000000000000000e+03
5.155000000000000000e+03
5.185000000000000000e+03
5.206000000000000000e+03
5.215000000000000000e+03
5.227000000000000000e+03
5.229000000000000000e+03
5.232000000000000000e+03
5.234000000000000000e+03
5.237000000000000000e+03
5.281000000000000000e+03
5.289000000000000000e+03
5.295000000000000000e+03
5.304000000000000000e+03
5.308000000000000000e+03
5.315000000000000000e+03
5.321000000000000000e+03
5.334000000000000000e+03
5.354000000000000000e+03
5.357000000000000000e+03
5.361000000000000000e+03
5.384000000000000000e+03
5.406000000000000000e+03
5.408000000000000000e+03
5.413000000000000000e+03
5.414000000000000000e+03
5.431000000000000000e+03
5.433000000000000000e+03
5.445000000000000000e+03
5.456000000000000000e+03
5.457000000000000000e+03
5.462000000000000000e+03
5.482000000000000000e+03
5.486000000000000000e+03
5.505000000000000000e+03
5.507000000000000000e+03
5.509000000000000000e+03
5.534000000000000000e+03
5.537000000000000000e+03
5.548000000000000000e+03
5.554000000000000000e+03
5.574000000000000000e+03
5.595000000000000000e+03
5.600000000000000000e+03
5.605000000000000000e+03
5.611000000000000000e+03
5.622000000000000000e+03
5.627000000000000000e+03
5.645000000000000000e+03
5.649000000000000000e+03
5.679000000000000000e+03
5.709000000000000000e+03
5.716000000000000000e+03
5.739000000000000000e+03
5.742000000000000000e+03
5.747000000000000000e+03
5.753000000000000000e+03
5.765000000000000000e+03
5.767000000000000000e+03
5.774000000000000000e+03
5.777000000000000000e+03
5.790000000000000000e+03
5.796000000000000000e+03
5.822000000000000000e+03
5.831000000000000000e+03
5.856000000000000000e+03
5.878000000000000000e+03
5.881000000000000000e+03
5.888000000000000000e+03
5.891000000000000000e+03
5.895000000000000000e+03
5.927000000000000000e+03
5.953000000000000000e+03
5.957000000000000000e+03
5.967000000000000000e+03
6.002000000000000000e+03
6.004000000000000000e+03
6.008000000000000000e+03
6.017000000000000000e+03
6.032000000000000000e+03
6.035000000000000000e+03
6.041000000000000000e+03
6.072000000000000000e+03
6.080000000000000000e+03
6.097000000000000000e+03
6.134000000000000000e+03
6.153000000000000000e+03
6.165000000000000000e+03
6.167000000000000000e+03
6.226000000000000000e+03
6.253000000000000000e+03
6.254000000000000000e+03
6.269000000000000000e+03
6.299000000000000000e+03
6.313000000000000000e+03
6.318000000000000000e+03
6.327000000000000000e+03
6.346000000000000000e+03
6.354000000000000000e+03
6.386000000000000000e+03
6.390000000000000000e+03
6.434000000000000000e+03
6.444000000000000000e+03
6.461000000000000000e+03
6.463000000000000000e+03
6.480000000000000000e+03
6.518000000000000000e+03
6.520000000000000000e+03
6.545000000000000000e+03
6.562000000000000000e+03
6.580000000000000000e+03
6.592000000000000000e+03
6.609000000000000000e+03
6.615000000000000000e+03
6.618000000000000000e+03
6.629000000000000000e+03
6.635000000000000000e+03
6.638000000000000000e+03
6.665000000000000000e+03
6.667000000000000000e+03
6.670000000000000000e+03
6.686000000000000000e+03
6.737000000000000000e+03
6.738000000000000000e+03
6.777000000000000000e+03
6.778000000000000000e+03
6.782000000000000000e+03
6.800000000000000000e+03
6.821000000000000000e+03
6.822000000000000000e+03
6.824000000000000000e+03
6.837000000000000000e+03
6.850000000000000000e+03
6.868000000000000000e+03
6.869000000000000000e+03
6.872000000000000000e+03
6.902000000000000000e+03
6.906000000000000000e+03
6.913000000000000000e+03
6.916000000000000000e+03
6.924000000000000000e+03
6.925000000000000000e+03
6.940000000000000000e+03
6.956000000000000000e+03
6.979000000000000000e+03
7.045000000000000000e+03
7.051000000000000000e+03
7.058000000000000000e+03
7.081000000000000000e+03
7.091000000000000000e+03
7.097000000000000000e+03
7.123000000000000000e+03
7.126000000000000000e+03
7.135000000000000000e+03
7.143000000000000000e+03
7.145000000000000000e+03
7.157000000000000000e+03
7.173000000000000000e+03
7.187000000000000000e+03
7.188000000000000000e+03
7.200000000000000000e+03
7.218000000000000000e+03
7.220000000000000000e+03
7.224000000000000000e+03
7.230000000000000000e+03
7.239000000000000000e+03
7.269000000000000000e+03
7.296000000000000000e+03
7.315000000000000000e+03
7.322000000000000000e+03
7.324000000000000000e+03
7.329000000000000000e+03
7.349000000000000000e+03
7.353000000000000000e+03
7.398000000000000000e+03
7.413000000000000000e+03
7.416000000000000000e+03
7.435000000000000000e+03
7.455000000000000000e+03
7.484000000000000000e+03
7.491000000000000000e+03
7.506000000000000000e+03
7.513000000000000000e+03
7.519000000000000000e+03
7.537000000000000000e+03
7.559000000000000000e+03
7.573000000000000000e+03
7.580000000000000000e+03
7.615000000000000000e+03
7.617000000000000000e+03
7.627000000000000000e+03
7.649000000000000000e+03
7.680000000000000000e+03
7.694000000000000000e+03
7.698000000000000000e+03
7.707000000000000000e+03
7.709000000000000000e+03
7.717000000000000000e+03
7.723000000000000000e+03
7.724000000000000000e+03
7.726000000000000000e+03
7.749000000000000000e+03
7.755000000000000000e+03
7.780000000000000000e+03
7.781000000000000000e+03
7.830000000000000000e+03
7.844000000000000000e+03
7.845000000000000000e+03
7.854000000000000000e+03
7.886000000000000000e+03
7.896000000000000000e+03
7.963000000000000000e+03
7.977000000000000000e+03
7.989000000000000000e+03
7.997000000000000000e+03
7.998000000000000000e+03
8.009000000000000000e+03
8.010000000000000000e+03
8.046000000000000000e+03
8.065000000000000000e+03
8.066000000000000000e+03
8.085000000000000000e+03
8.099000000000000000e+03
8.112000000000000000e+03
8.115000000000000000e+03
8.120000000000000000e+03
8.143000000000000000e+03
8.145000000000000000e+03
8.151000000000000000e+03
8.168000000000000000e+03
8.180000000000000000e+03
8.208000000000000000e+03
8.243000000000000000e+03
8.246000000000000000e+03
8.256000000000000000e+03
8.257000000000000000e+03
8.277000000000000000e+03
8.332000000000000000e+03
8.365000000000000000e+03
8.383000000000000000e+03
8.386000000000000000e+03
8.392000000000000000e+03
8.398000000000000000e+03
8.417000000000000000e+03
8.423000000000000000e+03
8.439000000000000000e+03
8.446000000000000000e+03
8.449000000000000000e+03
8.452000000000000000e+03
8.462000000000000000e+03
8.493000000000000000e+03
8.504000000000000000e+03
8.529000000000000000e+03
8.553000000000000000e+03
8.556000000000000000e+03
8.564000000000000000e+03
8.584000000000000000e+03
8.598000000000000000e+03
8.608000000000000000e+03
8.653000000000000000e+03
8.662000000000000000e+03
8.719000000000000000e+03
8.732000000000000000e+03
8.740000000000000000e+03
8.748000000000000000e+03
8.752000000000000000e+03
8.753000000000000000e+03
8.781000000000000000e+03
8.789000000000000000e+03
8.800000000000000000e+03
8.809000000000000000e+03
8.814000000000000000e+03
8.821000000000000000e+03
8.832000000000000000e+03
8.851000000000000000e+03
8.857000000000000000e+03
8.885000000000000000e+03
8.902000000000000000e+03
8.945000000000000000e+03
8.979000000000000000e+03
9.009000000000000000e+03
9.028000000000000000e+03
9.030000000000000000e+03
9.054000000000000000e+03
9.058000000000000000e+03
9.096000000000000000e+03
9.110000000000000000e+03
9.116000000000000000e+03
9.122000000000000000e+03
9.134000000000000000e+03
9.156000000000000000e+03
9.176000000000000000e+03
9.184000000000000000e+03
9.191000000000000000e+03
9.249000000000000000e+03
9.250000000000000000e+03
9.277000000000000000e+03
9.282000000000000000e+03
9.286000000000000000e+03
9.288000000000000000e+03
9.377000000000000000e+03
9.403000000000000000e+03
9.468000000000000000e+03
9.470000000000000000e+03
9.495000000000000000e+03
9.514000000000000000e+03
9.517000000000000000e+03
9.535000000000000000e+03
9.578000000000000000e+03
9.582000000000000000e+03
9.641000000000000000e+03
9.644000000000000000e+03
9.647000000000000000e+03
9.651000000000000000e+03
9.654000000000000000e+03
9.685000000000000000e+03
9.695000000000000000e+03
9.704000000000000000e+03
9.705000000000000000e+03
9.719000000000000000e+03
9.743000000000000000e+03
9.758000000000000000e+03
9.769000000000000000e+03
9.787000000000000000e+03
9.792000000000000000e+03
9.799000000000000000e+03
9.831000000000000000e+03
9.841000000000000000e+03
9.853000000000000000e+03
9.861000000000000000e+03
9.864000000000000000e+03
9.891000000000000000e+03
9.952000000000000000e+03
9.964000000000000000e+03
9.994000000000000000e+03
