2.300000000000000000e+01
3.100000000000000000e+01
4.400000000000000000e+01
5.400000000000000000e+01
6.000000000000000000e+01
7.700000000000000000e+01
8.100000000000000000e+01
8.700000000000000000e+01
8.900000000000000000e+01
1.150000000000000000e+02
1.240000000000000000e+02
1.750000000000000000e+02
1.790000000000000000e+02
1.820000000000000000e+02
2.010000000000000000e+02
2.030000000000000000e+02
2.060000000000000000e+02
2.180000000000000000e+02
2.530000000000000000e+02
2.750000000000000000e+02
2.800000000000000000e+02
2.970000000000000000e+02
3.120000000000000000e+02
3.130000000000000000e+02
3.280000000000000000e+02
3.340000000000000000e+02
3.420000000000000000e+02
3.620000000000000000e+02
3.770000000000000000e+02
3.840000000000000000e+02
3.860000000000000000e+02
3.920000000000000000e+02
4.040000000000000000e+02
4.060000000000000000e+02
4.170000000000000000e+02
4.590000000000000000e+02
4.750000000000000000e+02
4.770000000000000000e+02
4.840000000000000000e+02
4.950000000000000000e+02
5.330000000000000000e+02
5.630000000000000000e+02
5.730000000000000000e+02
5.880000000000000000e+02
6.040000000000000000e+02
6.120000000000000000e+02
6.170000000000000000e+02
6.510000000000000000e+02
6.560000000000000000e+02
6.650000000000000000e+02
6.770000000000000000e+02
6.880000000000000000e+02
7.120000000000000000e+02
7.140000000000000000e+02
7.210000000000000000e+02
7.220000000000000000e+02
7.470000000000000000e+02
7.620000000000000000e+02
7.640000000000000000e+02
7.670000000000000000e+02
7.710000000000000000e+02
7.770000000000000000e+02
7.790000000000000000e+02
7.960000000000000000e+02
8.080000000000000000e+02
8.250000000000000000e+02
8.340000000000000000e+02
8.640000000000000000e+02
9.070000000000000000e+02
9.190000000000000000e+02
9.320000000000000000e+02
9.390000000000000000e+02
9.440000000000000000e+02
9.480000000000000000e+02
9.520000000000000000e+02
9.570000000000000000e+02
9.670000000000000000e+02
9.750000000000000000e+02
9.820000000000000000e+02
9.950000000000000000e+02
1.001000000000000000e+03
1.003000000000000000e+03
1.052000000000000000e+03
1.053000000000000000e+03
1.068000000000000000e+03
1.074000000000000000e+03
1.080000000000000000e+03
1.094000000000000000e+03
1.096000000000000000e+03
1.100000000000000000e+03
1.101000000000000000e+03
1.107000000000000000e+03
1.129000000000000000e+03
1.132000000000000000e+03
1.165000000000000000e+03
1.170000000000000000e+03
1.178000000000000000e+03
1.186000000000000000e+03
1.197000000000000000e+03
1.203000000000000000e+03
1.207000000000000000e+03
1.226000000000000000e+03
1.231000000000000000e+03
1.245000000000000000e+03
1.264000000000000000e+03
1.267000000000000000e+03
1.290000000000000000e+03
1.294000000000000000e+03
1.296000000000000000e+03
1.301000000000000000e+03
1.304000000000000000e+03
1.311000000000000000e+03
1.318000000000000000e+03
1.322000000000000000e+03
1.325000000000000000e+03
1.326000000000000000e+03
1.334000000000000000e+03
1.350000000000000000e+03
1.370000000000000000e+03
1.407000000000000000e+03
1.415000000000000000e+03
1.419000000000000000e+03
1.434000000000000000e+03
1.452000000000000000e+03
1.468000000000000000e+03
1.477000000000000000e+03
1.509000000000000000e+03
1.526000000000000000e+03
1.535000000000000000e+03
1.540000000000000000e+03
1.548000000000000000e+03
1.555000000000000000e+03
1.568000000000000000e+03
1.577000000000000000e+03
1.579000000000000000e+03
1.583000000000000000e+03
1.593000000000000000e+03
1.598000000000000000e+03
1.600000000000000000e+03
1.608000000000000000e+03
1.609000000000000000e+03
1.614000000000000000e+03
1.617000000000000000e+03
1.625000000000000000e+03
1.626000000000000000e+03
1.636000000000000000e+03
1.639000000000000000e+03
1.641000000000000000e+03
1.652000000000000000e+03
1.654000000000000000e+03
1.700000000000000000e+03
1.719000000000000000e+03
1.724000000000000000e+03
1.732000000000000000e+03
1.738000000000000000e+03
1.744000000000000000e+03
1.745000000000000000e+03
1.747000000000000000e+03
1.787000000000000000e+03
1.796000000000000000e+03
1.808000000000000000e+03
1.809000000000000000e+03
1.847000000000000000e+03
1.856000000000000000e+03
1.857000000000000000e+03
1.878000000000000000e+03
1.882000000000000000e+03
1.891000000000000000e+03
1.911000000000000000e+03
1.913000000000000000e+03
1.935000000000000000e+03
1.957000000000000000e+03
1.970000000000000000e+03
1.980000000000000000e+03
1.991000000000000000e+03
2.004000000000000000e+03
2.009000000000000000e+03
2.014000000000000000e+03
2.043000000000000000e+03
2.047000000000000000e+03
2.051000000000000000e+03
2.056000000000000000e+03
2.058000000000000000e+03
2.063000000000000000e+03
2.069000000000000000e+03
2.075000000000000000e+03
2.078000000000000000e+03
2.108000000000000000e+03
2.126000000000000000e+03
2.139000000000000000e+03
2.150000000000000000e+03
2.151000000000000000e+03
2.159000000000000000e+03
2.167000000000000000e+03
2.169000000000000000e+03
2.181000000000000000e+03
2.187000000000000000e+03
2.193000000000000000e+03
2.217000000000000000e+03
2.222000000000000000e+03
2.256000000000000000e+03
2.272000000000000000e+03
2.284000000000000000e+03
2.292000000000000000e+03
2.295000000000000000e+03
2.302000000000000000e+03
2.313000000000000000e+03
2.324000000000000000e+03
2.330000000000000000e+03
2.335000000000000000e+03
2.354000000000000000e+03
2.378000000000000000e+03
2.380000000000000000e+03
2.382000000000000000e+03
2.387000000000000000e+03
2.390000000000000000e+03
2.391000000000000000e+03
2.396000000000000000e+03
2.399000000000000000e+03
2.400000000000000000e+03
2.419000000000000000e+03
2.438000000000000000e+03
2.466000000000000000e+03
2.486000000000000000e+03
2.495000000000000000e+03
2.496000000000000000e+03
2.499000000000000000e+03
2.506000000000000000e+03
2.512000000000000000e+03
2.516000000000000000e+03
2.534000000000000000e+03
2.541000000000000000e+03
2.544000000000000000e+03
2.547000000000000000e+03
2.548000000000000000e+03
2.551000000000000000e+03
2.557000000000000000e+03
2.563000000000000000e+03
2.565000000000000000e+03
2.566000000000000000e+03
2.570000000000000000e+03
2.573000000000000000e+03
2.581000000000000000e+03
2.582000000000000000e+03
2.585000000000000000e+03
2.596000000000000000e+03
2.635000000000000000e+03
2.636000000000000000e+03
2.660000000000000000e+03
2.673000000000000000e+03
2.674000000000000000e+03
2.681000000000000000e+03
2.697000000000000000e+03
2.699000000000000000e+03
2.701000000000000000e+03
2.703000000000000000e+03
2.710000000000000000e+03
2.721000000000000000e+03
2.722000000000000000e+03
2.738000000000000000e+03
2.743000000000000000e+03
2.755000000000000000e+03
2.761000000000000000e+03
2.766000000000000000e+03
2.769000000000000000e+03
2.781000000000000000e+03
2.798000000000000000e+03
2.817000000000000000e+03
2.828000000000000000e+03
2.839000000000000000e+03
2.841000000000000000e+03
2.857000000000000000e+03
2.877000000000000000e+03
2.884000000000000000e+03
2.903000000000000000e+03
2.911000000000000000e+03
2.914000000000000000e+03
2.920000000000000000e+03
2.944000000000000000e+03
2.945000000000000000e+03
2.950000000000000000e+03
2.961000000000000000e+03
2.982000000000000000e+03
2.986000000000000000e+03
2.996000000000000000e+03
3.017000000000000000e+03
3.023000000000000000e+03
3.062000000000000000e+03
3.065000000000000000e+03
3.068000000000000000e+03
3.075000000000000000e+03
3.077000000000000000e+03
3.081000000000000000e+03
3.105000000000000000e+03
3.120000000000000000e+03
3.137000000000000000e+03
3.139000000000000000e+03
3.145000000000000000e+03
3.169000000000000000e+03
3.172000000000000000e+03
3.179000000000000000e+03
3.207000000000000000e+03
3.224000000000000000e+03
3.228000000000000000e+03
3.235000000000000000e+03
3.243000000000000000e+03
3.249000000000000000e+03
3.255000000000000000e+03
3.266000000000000000e+03
3.274000000000000000e+03
3.276000000000000000e+03
3.299000000000000000e+03
3.305000000000000000e+03
3.317000000000000000e+03
3.319000000000000000e+03
3.325000000000000000e+03
3.374000000000000000e+03
3.381000000000000000e+03
3.390000000000000000e+03
3.394000000000000000e+03
3.397000000000000000e+03
3.411000000000000000e+03
3.420000000000000000e+03
3.421000000000000000e+03
3.424000000000000000e+03
3.432000000000000000e+03
3.458000000000000000e+03
3.465000000000000000e+03
3.483000000000000000e+03
3.485000000000000000e+03
3.493000000000000000e+03
3.494000000000000000e+03
3.526000000000000000e+03
3.539000000000000000e+03
3.562000000000000000e+03
3.563000000000000000e+03
3.568000000000000000e+03
3.571000000000000000e+03
3.574000000000000000e+03
3.594000000000000000e+03
3.597000000000000000e+03
3.606000000000000000e+03
3.611000000000000000e+03
3.616000000000000000e+03
3.623000000000000000e+03
3.641000000000000000e+03
3.654000000000000000e+03
3.656000000000000000e+03
3.658000000000000000e+03
3.660000000000000000e+03
3.662000000000000000e+03
3.672000000000000000e+03
3.674000000000000000e+03
3.676000000000000000e+03
3.684000000000000000e+03
3.697000000000000000e+03
3.711000000000000000e+03
3.728000000000000000e+03
3.735000000000000000e+03
3.738000000000000000e+03
3.747000000000000000e+03
3.758000000000000000e+03
3.765000000000000000e+03
3.770000000000000000e+03
3.771000000000000000e+03
3.773000000000000000e+03
3.784000000000000000e+03
3.822000000000000000e+03
3.828000000000000000e+03
3.849000000000000000e+03
3.851000000000000000e+03
3.855000000000000000e+03
3.872000000000000000e+03
3.897000000000000000e+03
3.899000000000000000e+03
3.905000000000000000e+03
3.906000000000000000e+03
3.911000000000000000e+03
3.936000000000000000e+03
3.945000000000000000e+03
3.967000000000000000e+03
3.974000000000000000e+03
3.983000000000000000e+03
4.002000000000000000e+03
4.014000000000000000e+03
4.017000000000000000e+03
4.054000000000000000e+03
4.089000000000000000e+03
4.096000000000000000e+03
4.118000000000000000e+03
4.122000000000000000e+03
4.151000000000000000e+03
4.173000000000000000e+03
4.212000000000000000e+03
4.215000000000000000e+03
4.217000000000000000e+03
4.221000000000000000e+03
4.229000000000000000e+03
4.235000000000000000e+03
4.240000000000000000e+03
4.244000000000000000e+03
4.258000000000000000e+03
4.270000000000000000e+03
4.271000000000000000e+03
4.278000000000000000e+03
4.309000000000000000e+03
4.310000000000000000e+03
4.331000000000000000e+03
4.346000000000000000e+03
4.366000000000000000e+03
4.387000000000000000e+03
4.414000000000000000e+03
4.426000000000000000e+03
4.446000000000000000e+03
4.498000000000000000e+03
4.504000000000000000e+03
4.511000000000000000e+03
4.512000000000000000e+03
4.545000000000000000e+03
4.547000000000000000e+03
4.549000000000000000e+03
4.558000000000000000e+03
4.572000000000000000e+03
4.580000000000000000e+03
4.583000000000000000e+03
4.612000000000000000e+03
4.630000000000000000e+03
4.643000000000000000e+03
4.651000000000000000e+03
4.656000000000000000e+03
4.659000000000000000e+03
4.661000000000000000e+03
4.670000000000000000e+03
4.679000000000000000e+03
4.682000000000000000e+03
4.686000000000000000e+03
4.688000000000000000e+03
4.692000000000000000e+03
4.701000000000000000e+03
4.734000000000000000e+03
4.751000000000000000e+03
4.761000000000000000e+03
4.769000000000000000e+03
4.782000000000000000e+03
4.785000000000000000e+03
4.793000000000000000e+03
4.800000000000000000e+03
4.806000000000000000e+03
4.828000000000000000e+03
4.847000000000000000e+03
4.861000000000000000e+03
4.864000000000000000e+03
4.874000000000000000e+03
4.878000000000000000e+03
4.947000000000000000e+03
4.965000000000000000e+03
4.966000000000000000e+03
4.969000000000000000e+03
4.973000000000000000e+03
4.980000000000000000e+03
5.002000000000000000e+03
5.020000000000000000e+03
5.026000000000000000e+03
5.041000000000000000e+03
5.046000000000000000e+03
5.074000000000000000e+03
5.082000000000000000e+03
5.093000000000000000e+03
5.108000000000000000e+03
5.125000000000000000e+03
5.141000000000000000e+03
5.142000000000000000e+03
5.146000000000000000e+03
5.174000000000000000e+03
5.192000000000000000e+03
5.202000000000000000e+03
5.221000000000000000e+03
5.275000000000000000e+03
5.280000000000000000e+03
5.292000000000000000e+03
5.307000000000000000e+03
5.323000000000000000e+03
5.335000000000000000e+03
5.340000000000000000e+03
5.344000000000000000e+03
5.356000000000000000e+03
5.372000000000000000e+03
5.377000000000000000e+03
5.401000000000000000e+03
5.412000000000000000e+03
5.420000000000000000e+03
5.438000000000000000e+03
5.458000000000000000e+03
5.463000000000000000e+03
5.471000000000000000e+03
5.480000000000000000e+03
5.492000000000000000e+03
5.508000000000000000e+03
5.529000000000000000e+03
5.532000000000000000e+03
5.557000000000000000e+03
5.564000000000000000e+03
5.591000000000000000e+03
5.620000000000000000e+03
5.629000000000000000e+03
5.637000000000000000e+03
5.641000000000000000e+03
5.651000000000000000e+03
5.655000000000000000e+03
5.658000000000000000e+03
5.668000000000000000e+03
5.690000000000000000e+03
5.692000000000000000e+03
5.695000000000000000e+03
5.696000000000000000e+03
5.697000000000000000e+03
5.712000000000000000e+03
5.714000000000000000e+03
5.726000000000000000e+03
5.727000000000000000e+03
5.757000000000000000e+03
5.769000000000000000e+03
5.773000000000000000e+03
5.793000000000000000e+03
5.804000000000000000e+03
5.807000000000000000e+03
5.812000000000000000e+03
5.825000000000000000e+03
5.828000000000000000e+03
5.829000000000000000e+03
5.834000000000000000e+03
5.842000000000000000e+03
5.845000000000000000e+03
5.866000000000000000e+03
5.882000000000000000e+03
5.914000000000000000e+03
5.921000000000000000e+03
5.925000000000000000e+03
5.947000000000000000e+03
5.949000000000000000e+03
5.982000000000000000e+03
5.983000000000000000e+03
5.989000000000000000e+03
6.009000000000000000e+03
6.020000000000000000e+03
6.029000000000000000e+03
6.045000000000000000e+03
6.057000000000000000e+03
6.058000000000000000e+03
6.077000000000000000e+03
6.096000000000000000e+03
6.099000000000000000e+03
6.104000000000000000e+03
6.110000000000000000e+03
6.112000000000000000e+03
6.120000000000000000e+03
6.121000000000000000e+03
6.130000000000000000e+03
6.138000000000000000e+03
6.145000000000000000e+03
6.155000000000000000e+03
6.161000000000000000e+03
6.171000000000000000e+03
6.192000000000000000e+03
6.209000000000000000e+03
6.217000000000000000e+03
6.231000000000000000e+03
6.234000000000000000e+03
6.237000000000000000e+03
6.242000000000000000e+03
6.248000000000000000e+03
6.259000000000000000e+03
6.277000000000000000e+03
6.282000000000000000e+03
6.285000000000000000e+03
6.288000000000000000e+03
6.306000000000000000e+03
6.322000000000000000e+03
6.336000000000000000e+03
6.341000000000000000e+03
6.361000000000000000e+03
6.364000000000000000e+03
6.373000000000000000e+03
6.394000000000000000e+03
6.404000000000000000e+03
6.441000000000000000e+03
6.442000000000000000e+03
6.473000000000000000e+03
6.488000000000000000e+03
6.496000000000000000e+03
6.499000000000000000e+03
6.503000000000000000e+03
6.504000000000000000e+03
6.505000000000000000e+03
6.515000000000000000e+03
6.523000000000000000e+03
6.536000000000000000e+03
6.544000000000000000e+03
6.553000000000000000e+03
6.559000000000000000e+03
6.583000000000000000e+03
6.589000000000000000e+03
6.610000000000000000e+03
6.611000000000000000e+03
6.622000000000000000e+03
6.652000000000000000e+03
6.655000000000000000e+03
6.666000000000000000e+03
6.680000000000000000e+03
6.698000000000000000e+03
6.710000000000000000e+03
6.713000000000000000e+03
6.732000000000000000e+03
6.755000000000000000e+03
6.757000000000000000e+03
6.764000000000000000e+03
6.772000000000000000e+03
6.783000000000000000e+03
6.787000000000000000e+03
6.789000000000000000e+03
6.795000000000000000e+03
6.797000000000000000e+03
6.806000000000000000e+03
6.814000000000000000e+03
6.825000000000000000e+03
6.826000000000000000e+03
6.841000000000000000e+03
6.852000000000000000e+03
6.870000000000000000e+03
6.873000000000000000e+03
6.885000000000000000e+03
6.915000000000000000e+03
6.930000000000000000e+03
6.942000000000000000e+03
6.943000000000000000e+03
6.944000000000000000e+03
6.954000000000000000e+03
6.955000000000000000e+03
6.957000000000000000e+03
6.978000000000000000e+03
6.989000000000000000e+03
6.990000000000000000e+03
7.011000000000000000e+03
7.014000000000000000e+03
7.018000000000000000e+03
7.024000000000000000e+03
7.028000000000000000e+03
7.038000000000000000e+03
7.048000000000000000e+03
7.057000000000000000e+03
7.061000000000000000e+03
7.074000000000000000e+03
7.083000000000000000e+03
7.087000000000000000e+03
7.109000000000000000e+03
7.112000000000000000e+03
7.146000000000000000e+03
7.154000000000000000e+03
7.156000000000000000e+03
7.166000000000000000e+03
7.169000000000000000e+03
7.177000000000000000e+03
7.192000000000000000e+03
7.217000000000000000e+03
7.223000000000000000e+03
7.232000000000000000e+03
7.237000000000000000e+03
7.247000000000000000e+03
7.251000000000000000e+03
7.255000000000000000e+03
7.258000000000000000e+03
7.278000000000000000e+03
7.288000000000000000e+03
7.299000000000000000e+03
7.303000000000000000e+03
7.308000000000000000e+03
7.313000000000000000e+03
7.331000000000000000e+03
7.332000000000000000e+03
7.342000000000000000e+03
7.343000000000000000e+03
7.344000000000000000e+03
7.354000000000000000e+03
7.403000000000000000e+03
7.405000000000000000e+03
7.423000000000000000e+03
7.467000000000000000e+03
7.480000000000000000e+03
7.514000000000000000e+03
7.518000000000000000e+03
7.521000000000000000e+03
7.539000000000000000e+03
7.555000000000000000e+03
7.570000000000000000e+03
7.574000000000000000e+03
7.578000000000000000e+03
7.581000000000000000e+03
7.583000000000000000e+03
7.587000000000000000e+03
7.590000000000000000e+03
7.591000000000000000e+03
7.597000000000000000e+03
7.609000000000000000e+03
7.646000000000000000e+03
7.670000000000000000e+03
7.689000000000000000e+03
7.712000000000000000e+03
7.713000000000000000e+03
7.737000000000000000e+03
7.774000000000000000e+03
7.818000000000000000e+03
7.837000000000000000e+03
7.847000000000000000e+03
7.880000000000000000e+03
7.883000000000000000e+03
7.884000000000000000e+03
7.887000000000000000e+03
7.891000000000000000e+03
7.901000000000000000e+03
7.905000000000000000e+03
7.943000000000000000e+03
7.947000000000000000e+03
7.960000000000000000e+03
7.966000000000000000e+03
7.987000000000000000e+03
7.995000000000000000e+03
8.005000000000000000e+03
8.006000000000000000e+03
8.023000000000000000e+03
8.029000000000000000e+03
8.088000000000000000e+03
8.108000000000000000e+03
8.116000000000000000e+03
8.123000000000000000e+03
8.128000000000000000e+03
8.129000000000000000e+03
8.135000000000000000e+03
8.147000000000000000e+03
8.163000000000000000e+03
8.166000000000000000e+03
8.172000000000000000e+03
8.173000000000000000e+03
8.176000000000000000e+03
8.204000000000000000e+03
8.205000000000000000e+03
8.218000000000000000e+03
8.222000000000000000e+03
8.238000000000000000e+03
8.250000000000000000e+03
8.252000000000000000e+03
8.260000000000000000e+03
8.262000000000000000e+03
8.272000000000000000e+03
8.273000000000000000e+03
8.280000000000000000e+03
8.282000000000000000e+03
8.287000000000000000e+03
8.308000000000000000e+03
8.315000000000000000e+03
8.322000000000000000e+03
8.330000000000000000e+03
8.340000000000000000e+03
8.341000000000000000e+03
8.344000000000000000e+03
8.364000000000000000e+03
8.366000000000000000e+03
8.374000000000000000e+03
8.381000000000000000e+03
8.402000000000000000e+03
8.407000000000000000e+03
8.412000000000000000e+03
8.414000000000000000e+03
8.418000000000000000e+03
8.419000000000000000e+03
8.420000000000000000e+03
8.434000000000000000e+03
8.437000000000000000e+03
8.438000000000000000e+03
8.450000000000000000e+03
8.486000000000000000e+03
8.494000000000000000e+03
8.500000000000000000e+03
8.503000000000000000e+03
8.508000000000000000e+03
8.509000000000000000e+03
8.517000000000000000e+03
8.530000000000000000e+03
8.543000000000000000e+03
8.546000000000000000e+03
8.548000000000000000e+03
8.571000000000000000e+03
8.574000000000000000e+03
8.578000000000000000e+03
8.603000000000000000e+03
8.605000000000000000e+03
8.615000000000000000e+03
8.617000000000000000e+03
8.649000000000000000e+03
8.655000000000000000e+03
8.670000000000000000e+03
8.674000000000000000e+03
8.678000000000000000e+03
8.691000000000000000e+03
8.711000000000000000e+03
8.712000000000000000e+03
8.713000000000000000e+03
8.739000000000000000e+03
8.749000000000000000e+03
8.756000000000000000e+03
8.766000000000000000e+03
8.772000000000000000e+03
8.787000000000000000e+03
8.788000000000000000e+03
8.793000000000000000e+03
8.799000000000000000e+03
8.808000000000000000e+03
8.828000000000000000e+03
8.862000000000000000e+03
8.867000000000000000e+03
8.883000000000000000e+03
8.890000000000000000e+03
8.916000000000000000e+03
8.921000000000000000e+03
8.939000000000000000e+03
8.965000000000000000e+03
8.983000000000000000e+03
8.985000000000000000e+03
8.993000000000000000e+03
8.998000000000000000e+03
9.019000000000000000e+03
9.020000000000000000e+03
9.034000000000000000e+03
9.039000000000000000e+03
9.060000000000000000e+03
9.064000000000000000e+03
9.068000000000000000e+03
9.091000000000000000e+03
9.099000000000000000e+03
9.105000000000000000e+03
9.125000000000000000e+03
9.132000000000000000e+03
9.142000000000000000e+03
9.147000000000000000e+03
9.158000000000000000e+03
9.170000000000000000e+03
9.171000000000000000e+03
9.180000000000000000e+03
9.197000000000000000e+03
9.203000000000000000e+03
9.215000000000000000e+03
9.260000000000000000e+03
9.273000000000000000e+03
9.279000000000000000e+03
9.287000000000000000e+03
9.311000000000000000e+03
9.325000000000000000e+03
9.327000000000000000e+03
9.332000000000000000e+03
9.335000000000000000e+03
9.356000000000000000e+03
9.363000000000000000e+03
9.366000000000000000e+03
9.372000000000000000e+03
9.376000000000000000e+03
9.383000000000000000e+03
9.385000000000000000e+03
9.392000000000000000e+03
9.396000000000000000e+03
9.398000000000000000e+03
9.399000000000000000e+03
9.408000000000000000e+03
9.428000000000000000e+03
9.444000000000000000e+03
9.450000000000000000e+03
9.462000000000000000e+03
9.469000000000000000e+03
9.490000000000000000e+03
9.505000000000000000e+03
9.520000000000000000e+03
9.528000000000000000e+03
9.531000000000000000e+03
9.540000000000000000e+03
9.541000000000000000e+03
9.557000000000000000e+03
9.565000000000000000e+03
9.572000000000000000e+03
9.574000000000000000e+03
9.577000000000000000e+03
9.609000000000000000e+03
9.626000000000000000e+03
9.627000000000000000e+03
9.630000000000000000e+03
9.635000000000000000e+03
9.642000000000000000e+03
9.643000000000000000e+03
9.649000000000000000e+03
9.676000000000000000e+03
9.680000000000000000e+03
9.694000000000000000e+03
9.712000000000000000e+03
9.737000000000000000e+03
9.764000000000000000e+03
9.771000000000000000e+03
9.773000000000000000e+03
9.774000000000000000e+03
9.783000000000000000e+03
9.789000000000000000e+03
9.802000000000000000e+03
9.814000000000000000e+03
9.820000000000000000e+03
9.833000000000000000e+03
9.842000000000000000e+03
9.847000000000000000e+03
9.852000000000000000e+03
9.871000000000000000e+03
9.886000000000000000e+03
9.900000000000000000e+03
9.914000000000000000e+03
9.927000000000000000e+03
9.928000000000000000e+03
9.931000000000000000e+03
9.932000000000000000e+03
9.934000000000000000e+03
9.938000000000000000e+03
9.946000000000000000e+03
9.955000000000000000e+03
9.962000000000000000e+03
9.973000000000000000e+03
9.983000000000000000e+03
9.987000000000000000e+03
9.990000000000000000e+03
