87
208
272
358
386
427
441
453
503
519
609
672
743
924
971
1092
1099
1119
1173
1269
1338
1348
1407
1448
1529
1561
1640
1671
1732
1829
2023
2114
2126
2246
2388
2389
2441
2489
2633
2699
2720
2725
2783
2820
2828
3032
3039
3077
3090
3252
3320
3351
3551
3713
3725
3756
3775
3926
3956
4072
4112
4140
4152
4200
4305
4381
4448
4507
4552
4596
4611
4653
4660
4740
4895
4977
4996
5002
5083
5099
5162
5222
5242
5306
5467
5572
5606
5633
5775
5812
5892
5905
5934
6035
6088
6283
6288
6407
6464
6478
6767
6782
6835
6858
6877
6892
7006
7090
7349
7537
7599
7617
7651
7692
7695
7725
7743
7781
7871
7880
7951
7975
8182
8193
8207
8251
8278
8327
8400
8559
8652
8744
8852
8977
9055
9064
9093
9219
9267
9327
9336
9551
9557
9632
9724
9764
9819
9892
9984
10037
10104
10106
10147
10258
10343
10452
10458
10459
10523
10575
10610
10752
10830
10973
11098
11102
11156
11166
11217
11225
11311
11321
11666
11732
11811
11872
11881
11937
12022
12202
12296
12350
12476
12491
12505
12538
12540
12620
12643
12741
12749
12863
13232
13286
13332
13349
13352
13377
13468
13519
13655
13791
13878
13937
14002
14019
14113
14149
14234
14257
14309
14343
14444
14535
14609
14755
14790
14954
14962
14993
15133
15143
15284
15426
15482
15507
15690
15695
15775
15820
15914
15916
15996
16051
16064
16192
16289
16363
16422
16483
16553
16624
16686
16701
16704
16747
16822
16832
16858
16905
17011
17026
17045
17081
17305
17426
17467
17486
17519
17603
17622
17684
17778
17810
17907
17987
17999
18004
18012
18076
18108
18166
18205
18264
18304
18333
18369
18461
18636
18645
18732
18763
18905
18911
18964
19009
19032
19037
19097
19234
19378
19557
19752
19788
19791
19830
19947
20025
20042
20074
20196
20312
20381
20397
20487
20589
20600
20625
20645
20731
20873
21039
21053
21123
21129
21168
21176
21314
21397
21471
21487
21491
21612
21681
21707
21715
21800
21812
21913
21958
21963
22024
22348
22434
22452
22485
22612
22652
22752
22765
22802
22857
22995
23227
23250
23272
23280
23307
23418
23511
23616
23632
23659
23702
23730
23873
24070
24300
24348
24387
24502
24559
24564
24604
24694
24757
24872
24930
24933
24938
24951
25081
25082
25143
25192
25250
25364
25453
25637
25659
25703
25784
26056
26074
26125
26162
26294
26335
26358
26403
26517
26526
26710
26740
26880
26975
27022
27069
27156
27182
27268
27271
27337
27380
27394
27445
27547
27751
27764
27919
28123
28124
28190
28202
28214
28312
28390
28537
28575
28584
28620
28632
28653
28817
28927
29151
29382
29467
29502
29565
29587
29720
29925
30030
30075
30093
30140
30169
30236
30306
30380
30417
30463
30489
30491
30517
30596
30638
30664
30728
30780
30899
31199
31264
31441
31613
31648
31707
31729
31749
31977
32028
32056
32075
32116
32347
32353
32415
32516
32583
32745
32781
32813
32827
32863
32869
32997
33001
33013
33041
33240
33288
33324
33325
33354
33407
33439
33547
33590
33661
33717
34075
34316
34372
34679
34719
34776
34976
34993
35136
35163
35189
35200
35239
35281
35384
35457
35463
35575
35603
35609
35632
35696
35812
35817
35836
36071
36151
36344
36372
36489
36512
36557
36623
36677
36707
36781
36794
36796
36950
36962
37143
37173
37197
37222
37325
37926
37954
38062
38105
38181
38183
38263
38289
38290
38302
38306
38307
38398
38432
38599
38629
38634
38642
38663
38736
38781
38821
38824
38910
38932
39101
39156
39318
39359
39365
39499
39685
39837
39970
40040
40053
40063
40132
40165
40209
40290
40341
40424
40433
40483
40503
40706
40922
40933
41070
41119
41122
41126
41148
41162
41187
41260
41385
41386
41425
41432
41533
41584
41624
41804
41814
41819
41847
41945
42036
42047
42119
42169
42174
42240
42330
42366
42529
42578
42712
42718
42719
42775
42829
42885
42995
43089
43198
43340
43439
43452
43531
43547
43553
43666
43715
43792
43873
43886
43999
44006
44035
44094
44107
44241
44251
44312
44448
44456
44487
44585
44664
44674
44805
44832
44875
44912
44985
45080
45188
45198
45220
45322
45325
45346
45590
45614
46004
46034
46047
46056
46203
46216
46217
46247
46343
46345
46349
46373
46548
46621
46710
46763
46803
46847
46940
47004
47043
47046
47067
47145
47289
47321
47373
47465
47532
47546
47645
47652
47719
47753
47799
47840
47849
47906
48050
48052
48151
48159
48225
48254
48315
48388
48389
48517
48532
48709
48800
48929
48975
49018
49026
49072
49095
49138
49162
49165
49312
49378
49477
49507
49521
49696
49710
49883
49933
49940
50077
50215
50226
50369
50452
50465
50618
50681
50690
50790
50854
50911
50941
50950
50969
51005
51012
51023
51124
51137
51155
51199
51249
51252
51276
51277
51357
51370
51525
51653
51691
51693
51779
51792
51874
51882
51929
52196
52234
52249
52265
52326
52340
52396
52862
52885
52893
52938
53003
53183
53246
53274
53376
53380
53463
53510
53590
53680
53956
53969
54286
54346
54364
54524
54603
54630
54754
54772
54961
54999
55049
55076
55190
55219
55375
55434
55583
55774
55811
55919
55940
55956
55989
56014
56061
56095
56100
56193
56232
56409
56649
56669
56772
56822
57023
57026
57039
57107
57228
57253
57276
57369
57371
57409
57465
57514
57565
57604
57641
57702
57730
57913
57918
57952
57976
58011
58013
58069
58078
58106
58129
58218
58241
58267
58341
58357
58444
58537
58613
58701
58725
58736
58809
58836
58879
59103
59134
59156
59572
59576
59694
59702
59715
59741
59773
59882
60092
60127
60447
60522
60525
60611
60643
60723
60736
60753
60758
60766
60876
60884
60927
61203
61269
61302
61380
61505
61562
61698
61712
61790
61894
61960
61961
62094
62120
62155
62179
62195
62280
62319
62339
62410
62543
62696
62745
62778
62791
62892
62923
63057
63078
63097
63236
63384
63458
63467
63556
63662
63727
63821
63845
63866
63904
63915
64017
64018
64047
64132
64135
64143
64146
64232
64333
64475
64500
64539
64609
64882
64889
64914
64986
65024
65035
65090
65188
65347
65762
65770
65866
65879
65959
65969
65980
65989
65996
65998
66003
66037
66071
66205
66229
66256
66609
66614
66741
66777
66863
66904
66918
66946
66951
66966
67081
67199
67229
67230
67337
67348
67433
67442
67511
67641
67681
67697
67699
67763
67789
67847
67961
67968
67985
67992
68080
68100
68176
68192
68226
68236
68366
68642
68716
68742
68886
68951
69021
69101
69229
69263
69403
69461
69475
69514
69538
69545
69655
69705
69706
69749
69807
69826
69827
70047
70156
70205
70230
70314
70395
70420
70646
70701
70756
70809
70823
70919
71026
71532
71653
71702
71775
71825
71944
72019
72116
72167
72207
72272
72278
72323
72498
72555
72606
72625
72631
72677
72707
72720
73013
73051
73408
73413
73624
73683
73718
73776
73935
73952
74027
74225
74268
74316
74532
74582
74819
74859
75111
75334
75394
75436
75526
75669
75683
75729
75829
75842
75920
75932
75936
76160
76181
76212
76255
76277
76352
76374
76436
76480
76588
76686
76691
76802
76855
76860
76888
77192
77228
77295
77394
77465
77535
77564
77698
77732
77754
77775
77900
77942
78058
78305
78327
78541
78553
78605
78737
78770
78880
78985
79014
79161
79296
79388
79396
79422
79625
79879
79929
79989
79990
80011
80116
80247
80310
80369
80705
80867
80889
80897
80970
80989
81007
81046
81271
81293
81323
81496
81505
81519
81542
81560
81622
81779
81824
81860
81871
81920
81958
81966
81973
82014
82042
82120
82264
82357
82490
82492
82691
82697
82724
82727
82755
82791
82807
82884
82889
82917
82978
83118
83217
83426
83513
83588
83602
83783
83945
83979
84069
84087
84151
84209
84255
84284
84420
84534
84543
84636
84749
84877
84936
84963
84969
85047
85062
85466
85566
85570
85618
85619
86047
86096
86210
86227
86258
86452
86479
86499
86512
86558
86566
86720
86768
86985
87002
87008
87025
87123
87159
87238
87256
87296
87300
87326
87330
87414
87444
87461
87617
87665
87688
87715
87747
87894
88029
88031
88060
88299
88357
88389
88392
88481
88506
88514
88549
88998
89015
89245
89372
89383
89409
89442
89517
89565
89808
89811
89848
89874
89887
89902
89960
89982
90007
90025
90028
90085
90093
90165
90195
90492
90513
90517
90581
90624
90690
90746
90854
90977
90998
91106
91160
91244
91254
91255
91350
91391
91421
91475
91490
91672
91842
91896
91901
91937
92313
92496
92501
92534
92540
92558
92639
92664
92691
92885
92889
92990
93002
93161
93214
93217
93220
93269
93362
93513
93544
93546
93592
93605
93621
93870
93883
93914
93917
93922
94011
94137
94158
94191
94274
94369
94402
94445
94464
94667
94786
94876
94918
95002
95172
95284
95329
95437
95446
95518
95666
95748
95826
96041
96052
96116
96210
96307
96396
96436
96448
96717
96845
96936
97137
97147
97266
97349
97531
97600
97683
97703
97716
97718
97750
97792
97794
97808
97848
97907
98094
98255
98479
98511
98721
98801
98831
98881
98920
98946
98999
99013
99092
99117
99285
99356
99403
99418
99448
99464
99591
99639
99661
99731
99878
99957
99966
100021
100109
100166
100178
100226
100239
100250
100277
100299
100323
100354
100395
100409
100504
100524
100533
100568
100580
100644
100656
100791
100793
100834
100892
100963
100999
101044
101051
101148
101343
101358
101389
101407
101543
101826
101879
101908
101966
101986
102064
102101
102183
102216
102354
102401
102433
102588
102633
102637
102700
102731
102798
102811
102878
102923
102960
103125
103160
103328
103517
103547
103549
103594
103616
103655
103723
103884
103958
104072
104077
104101
104150
104200
104330
104347
104382
104388
104557
104622
104723
104791
104795
104865
104912
104955
104983
105113
105118
105143
105145
105150
105244
105339
105382
105392
105442
105453
105538
105596
105625
105678
105742
105765
105766
105817
105959
105990
106055
106074
106449
106786
106833
106876
107247
107327
107381
107596
107608
107689
107710
107805
107810
107829
107832
107953
107956
107993
108061
108069
108136
108145
108257
108271
108499
108544
108724
108770
108791
108797
108855
108904
108945
109154
109316
109332
109365
109418
109428
109443
109461
109491
109498
109518
109528
109636
109639
109678
109687
109749
109786
109850
109866
109919
109933
109993
110011
110014
