2048
9216
6658
9220
6
7
519
5128
3083
5646
1551
9230
5138
1561
5659
4124
7198
5664
2080
1570
6689
4133
9765
4142
4655
5680
9264
9779
1588
1589
5173
5175
1591
3127
4663
6200
1596
3645
3648
2112
6721
7236
580
3655
8274
2134
9815
1627
6747
3677
8286
1118
3166
5730
3172
615
4200
5225
8298
3178
5227
2157
9844
5237
9847
1144
2169
6272
7296
5250
8835
128
129
645
9858
1672
3720
6284
8332
5268
8859
7324
2717
1694
9374
6301
9884
3235
6308
9379
3238
9892
4776
5289
170
685
4781
7343
1201
178
7859
9396
7349
185
8891
3260
3773
9408
8385
1730
3267
7875
2245
4805
9921
712
6861
1230
9424
2257
5332
9099
6872
1753
218
3291
4828
3808
5856
3810
4323
8695
5861
6373
743
9102
9450
2285
8431
6386
9207
3316
6901
247
8952
6905
8954
4348
2819
4357
6918
2309
1803
6924
1295
8464
8465
7957
790
8982
7962
795
3867
1821
3358
2847
3868
6946
803
9507
805
7466
7978
1840
8497
306
2352
9012
821
9522
2361
2362
6973
5950
5439
2368
9024
3395
4932
7493
6982
3401
6994
5973
6488
4954
5466
8028
5981
7007
5472
7522
2917
869
1383
870
6505
9066
5491
3958
7545
377
2425
2427
5497
8058
1408
896
1412
7044
4488
6024
6025
1929
3468
9101
2444
911
2958
3467
3981
4494
5008
8595
3478
6550
1433
921
4508
8604
2460
6047
7074
6562
9640
2987
4524
1453
9646
1970
2995
2996
436
1973
1974
4535
6073
5050
6068
9149
4031
3010
4548
4036
455
4042
8655
3025
5585
5590
8662
4574
990
6624
3554
1507
2020
8165
6629
9191
6120
9193
8171
7147
2541
8179
1012
5109
5622
3059
4084
3577
6643
7163
4092
509
