4
5
8
13
15
16
17
25
35
37
39
41
42
43
44
45
46
47
49
55
56
57
59
60
61
62
64
66
67
69
77
82
83
85
87
88
89
93
94
97
102
104
106
109
111
115
121
122
123
124
126
127
130
131
136
138
139
140
143
145
146
149
151
152
156
157
158
161
165
169
170
172
173
175
176
177
179
180
182
188
193
195
196
199
200
201
206
207
208
211
212
213
214
217
218
221
225
226
228
229
232
233
234
235
238
240
241
242
243
245
247
248
249
250
252
254
255
256
257
259
261
263
267
268
269
273
274
275
278
279
280
281
285
288
291
293
294
295
297
299
300
303
304
305
311
315
317
320
326
327
329
331
340
342
343
351
355
356
357
358
359
362
366
367
369
372
376
377
381
384
387
391
393
397
399
400
407
409
410
412
419
422
423
425
429
431
432
434
436
437
440
442
443
448
455
457
458
459
461
462
464
465
469
475
476
478
479
481
483
485
486
490
491
495
497
498
501
503
505
509
513
514
517
520
521
522
523
525
526
528
529
532
534
535
536
537
539
540
544
545
548
551
552
555
556
558
560
563
564
565
566
567
568
571
572
576
577
578
579
580
585
586
587
589
590
592
593
595
597
599
602
604
606
607
609
613
614
615
617
619
621
624
625
626
627
628
629
631
635
636
638
639
640
643
648
649
651
653
656
657
658
663
664
674
676
677
680
681
682
683
684
685
686
688
689
690
694
698
699
700
701
702
704
706
709
710
712
713
715
716
718
720
721
723
726
727
728
729
731
733
734
735
737
738
739
741
743
744
747
748
749
752
753
756
759
760
762
767
770
771
772
774
775
776
781
783
785
786
787
788
791
793
796
798
799
801
803
805
806
807
808
809
810
811
812
813
817
818
819
821
822
823
824
826
827
830
831
833
835
842
843
844
845
846
847
848
855
858
860
861
862
863
864
865
868
870
872
874
875
876
877
879
880
881
882
884
885
888
889
890
892
893
895
898
900
904
908
909
910
911
912
913
914
918
919
921
924
927
928
933
935
936
937
939
941
942
943
944
948
950
952
955
957
958
959
960
962
963
964
965
967
968
970
971
972
978
979
981
982
984
985
987
988
990
992
993
997
998
999
1003
1004
1005
1007
1010
1011
1013
1015
1016
1017
1018
1019
1020
1021
1022
1023
1024
1025
1026
1028
1029
1030
1031
1034
1037
1039
1041
1042
1043
1045
1047
1052
1054
1055
1063
1065
1070
1075
1078
1081
1082
1085
1087
1088
1089
1090
1094
1096
1098
1102
1104
1106
1109
1110
1113
1118
1119
1120
1121
1122
1123
1124
1125
1126
1129
1130
1131
1133
1134
1135
1136
1138
1139
1140
1142
1144
1145
1148
1150
1152
1153
1155
1156
1157
1158
1161
1162
1163
1164
1165
1167
1168
1169
1173
1174
1178
1179
1180
1181
1182
1184
1185
1189
1192
1193
1195
1196
1201
1203
1204
1207
1208
1209
1212
1213
1214
1219
1220
1221
1222
1224
1225
1227
1228
1229
1230
1232
1233
1235
1236
1238
1239
1240
1242
1244
1245
1246
1247
1251
1252
1256
1257
1258
1261
1263
1265
1268
1270
1272
1274
1275
1276
1277
1278
1279
1281
1282
1283
1285
1290
1291
1292
1293
1295
1297
1298
1299
1302
1305
1308
1311
1314
1319
1320
1323
1326
1333
1334
1338
1340
1342
1343
1346
1350
1351
1352
1353
1354
1356
1359
1360
1361
1362
1365
1366
1367
1368
1369
1370
1375
1376
1379
1382
1384
1385
1386
1387
1388
1390
1391
1393
1394
1395
1398
1399
1401
1404
1409
1412
1413
1416
1419
1422
1423
1424
1432
1433
1435
1437
1438
1440
1442
1444
1445
1446
1450
1453
1455
1456
1457
1458
1459
1460
1461
1468
1470
1472
1474
1476
1479
1481
1484
1485
1488
1489
1491
1493
1494
1495
1497
1498
1499
1501
1504
1505
1510
1512
1515
1516
1517
1519
1524
1525
1526
1528
1529
1530
1533
1538
1539
1540
1541
1542
1543
1544
1545
1551
1552
1553
1554
1555
1558
1560
1561
1565
1566
1567
1570
1571
1573
1574
1578
1579
1583
1588
1589
1590
1591
1594
1595
1596
1597
1598
1602
1606
1609
1611
1612
1614
1616
1618
1619
1620
1622
1623
1625
1626
1629
1632
1634
1635
1636
1637
1638
1639
1643
1644
1645
1647
1649
1652
1653
1654
1655
1656
1661
1664
1666
1668
1669
1670
1671
1674
1676
1677
1680
1681
1683
1684
1688
1690
1691
1692
1694
1697
1703
1704
1705
1707
1708
1709
1710
1712
1713
1714
1715
1717
1719
1722
1723
1724
1730
1732
1733
1735
1737
1738
1739
1742
1743
1744
1746
1747
1749
1751
1752
1753
1754
1755
1758
1761
1762
1767
1768
1770
1771
1772
1774
1775
1778
1781
1783
1784
1786
1787
1788
1792
1794
1796
1798
1800
1803
1804
1806
1813
1815
1816
1817
1820
1821
1822
1826
1827
1829
1830
1831
1834
1835
1836
1837
1838
1839
1840
1841
1845
1848
1851
1852
1854
1855
1856
1858
1860
1861
1862
1863
1864
1866
1869
1871
1873
1877
1878
1881
1883
1884
1885
1886
1887
1890
1891
1892
1893
1895
1897
1899
1901
1906
1908
1911
1913
1914
1915
1918
1919
1922
1923
1925
1926
1928
1929
1930
1931
1933
1935
1936
1937
1941
1944
1945
1949
1950
1952
1953
1954
1956
1957
1958
1959
1960
1962
1963
1966
1968
1971
1973
1975
1978
1980
1983
1984
1985
1986
1988
1990
1991
1998
1999
2001
2002
2003
2004
2006
2007
2009
2011
2012
2014
2015
2021
2023
2024
2025
2026
2029
2030
2032
2034
2035
2037
2038
2041
2044
2048
2049
2055
2056
2058
2060
2061
2067
2069
2070
2071
2072
2073
2075
2076
2078
2079
2080
2084
2085
2087
2090
2095
2096
2097
2099
2101
2102
2103
2107
2110
2112
2113
2114
2115
2117
2119
2121
2122
2123
2125
2126
2128
2129
2131
2132
2133
2134
2135
2136
2137
2138
2139
2141
2142
2143
2146
2150
2152
2153
2155
2156
2157
2161
2162
2163
2164
2165
2166
2169
2170
2173
2175
2178
2179
2180
2182
2186
2188
2194
2196
2197
2199
2200
2201
2202
2203
2206
2212
2213
2214
2217
2219
2220
2221
2228
2229
2230
2233
2236
2237
2238
2240
2244
2245
2246
2248
2251
2255
2257
2260
2263
2265
2266
2267
2268
2269
2271
2272
2274
2276
2278
2280
2286
2287
2288
2290
2295
2296
2297
2298
2299
2303
2305
2306
2307
2308
2309
2313
2315
2316
2321
2322
2324
2327
2329
2330
2331
2332
2334
2335
2336
2338
2341
2342
2344
2345
2346
2349
2350
2351
2352
2357
2361
2365
2367
2369
2373
2375
2384
2387
2388
2391
2393
2399
2401
2402
2408
2413
2418
2421
2422
2423
2424
2425
2431
2432
2433
2434
2435
2436
2437
2439
2440
2443
2444
2446
2449
2451
2452
2453
2455
2457
2460
2462
2463
2464
2465
2467
2468
2472
2475
2477
2478
2482
2483
2484
2487
2488
2489
2490
2491
2492
2494
2497
2498
2501
2506
2507
2508
2511
2513
2514
2517
2520
2521
2522
2523
2527
2529
2530
2531
2536
2537
2540
2541
2542
2544
2545
2546
2549
2551
2553
2554
2556
2557
2558
2560
2563
2564
2565
2570
2571
2572
2573
2574
2575
2577
2578
2579
2580
2581
2583
2584
2586
2588
2590
2593
2595
2597
2598
2604
2606
2607
2608
2615
2617
2618
2621
2622
2623
2625
2626
2627
2628
2629
2630
2631
2634
2635
2639
2640
2641
2643
2647
2648
2652
2656
2660
2663
2664
2667
2668
2670
2671
2674
2680
2682
2685
2688
2689
2691
2696
2697
2700
2702
2706
2712
2715
2716
2719
2721
2724
2725
2726
2728
2729
2730
2731
2732
2735
2737
2739
2743
2746
2748
2751
2752
2753
2755
2756
2757
2759
2761
2762
2763
2764
2765
2766
2767
2768
2771
2772
2776
2777
2781
2785
2786
2787
2791
2793
2794
2798
2799
2800
2801
2803
2806
2808
2809
2810
2812
2813
2816
2819
2821
2822
2824
2827
2828
2829
2832
2834
2838
2841
2842
2849
2850
2851
2852
2858
2859
2860
2861
2862
2863
2864
2865
2869
2872
2873
2874
2876
2877
2878
2881
2888
2889
2891
2895
2897
2898
2899
2902
2903
2904
2905
2907
2909
2911
2914
2917
2919
2921
2922
2923
2925
2926
2929
2930
2931
2935
2936
2939
2943
2945
2947
2949
2950
2951
2956
2958
2960
2963
2964
2965
2966
2968
2970
2972
2973
2975
2979
2981
2984
2985
2986
2987
2988
2989
2993
2994
2995
2996
2999
3000
3001
3004
3005
3006
3007
3008
3010
3012
3014
3015
3017
3018
3019
3026
3029
3032
3033
3034
3035
3036
3037
3039
3042
3044
3046
3047
3048
3049
3051
3052
3056
3057
3058
3059
3060
3063
3065
3067
3068
3073
3082
3083
3084
3086
3087
3093
3094
3095
3099
3102
3103
3105
3108
3110
3112
3113
3116
3120
3122
3124
3125
3126
3127
3128
3129
3132
3134
3136
3137
3140
3142
3144
3145
3146
3149
3151
3152
3153
3157
3158
3159
3161
3165
3168
3170
3172
3175
3177
3178
3179
3180
3188
3189
3190
3191
3193
3194
3198
3199
3200
3202
3203
3205
3208
3210
3211
3212
3213
3216
3217
3218
3221
3222
3223
3225
3226
3227
3228
3231
3232
3236
3242
3243
3244
3246
3247
3248
3250
3253
3254
3258
3259
3261
3263
3264
3265
3266
3267
3269
3273
3274
3275
3276
3277
3279
3282
3283
3284
3286
3288
3291
3296
3297
3298
3301
3302
3304
3311
3315
3321
3324
3325
3326
3328
3329
3332
3333
3334
3336
3337
3338
3341
3342
3344
3345
3349
3350
3353
3354
3355
3358
3359
3360
3363
3365
3366
3367
3368
3370
3371
3373
3374
3375
3377
3378
3380
3381
3382
3383
3386
3390
3391
3393
3395
3396
3397
3398
3401
3405
3409
3410
3414
3416
3417
3418
3420
3421
3427
3428
3429
3431
3432
3433
3434
3439
3440
3441
3445
3446
3448
3451
3453
3455
3456
3458
3459
3462
3463
3464
3465
3466
3467
3469
3471
3472
3473
3474
3475
3477
3485
3486
3492
3494
3497
3498
3500
3501
3503
3504
3505
3507
3508
3509
3510
3511
3512
3513
3514
3515
3516
3519
3520
3521
3522
3523
3524
3527
3529
3530
3532
3534
3536
3539
3541
3543
3545
3546
3549
3552
3554
3556
3559
3561
3562
3564
3567
3568
3569
3571
3572
3577
3578
3581
3582
3583
3585
3586
3588
3590
3593
3594
3598
3605
3606
3607
3608
3616
3621
3624
3626
3628
3630
3631
3634
3635
3637
3638
3639
3645
3646
3647
3652
3659
3660
3661
3663
3667
3668
3670
3671
3675
3676
3679
3680
3681
3682
3685
3686
3687
3689
3693
3696
3697
3699
3700
3701
3705
3707
3708
3710
3712
3714
3718
3720
3721
3722
3723
3725
3726
3728
3731
3736
3737
3738
3740
3744
3746
3749
3750
3751
3752
3756
3760
3761
3763
3765
3766
3767
3774
3775
3776
3778
3779
3780
3781
3782
3784
3787
3788
3791
3793
3795
3796
3799
3800
3801
3802
3803
3804
3806
3808
3810
3811
3815
3816
3819
3820
3824
3825
3826
3827
3828
3831
3832
3836
3837
3838
3839
3841
3844
3850
3851
3854
3856
3857
3862
3863
3865
3867
3868
3870
3874
3875
3880
3883
3886
3887
3888
3891
3892
3893
3894
3896
3900
3903
3905
3907
3908
3911
3914
3915
3918
3919
3920
3921
3922
3923
3924
3927
3928
3930
3931
3935
3938
3939
3941
3942
3944
3945
3947
3949
3950
3952
3953
3954
3955
3956
3957
3958
3959
3960
3963
3966
3968
3971
3977
3978
3980
3981
3982
3984
3985
3986
3989
3990
3992
3993
3995
3996
3998
3999
4001
4004
4006
4012
4015
4016
4019
4020
4024
4025
4028
4029
4031
4033
4035
4036
4037
4038
4039
4040
4041
4043
4051
4052
4053
4054
4055
4056
4057
4058
4059
4060
4061
4063
4065
4066
4067
4069
4070
4073
4075
4076
4077
4078
4079
4080
4081
4083
4084
4085
4086
4088
4089
4092
4097
4098
4100
4101
4102
4103
4105
4107
4108
4109
4110
4116
4117
4118
4119
4120
4122
4123
4125
4127
4130
4131
4132
4133
4134
4137
4138
4139
4141
4142
4143
4145
4146
4148
4151
4152
4153
4155
4156
4161
4162
4163
4164
4166
4167
4171
4174
4175
4176
4180
4181
4182
4184
4185
4186
4187
4192
4193
4195
4198
4200
4202
4203
4205
4206
4207
4208
4209
4211
4213
4214
4217
4218
4219
4220
4222
4224
4226
4230
4232
4234
4236
4237
4240
4241
4242
4244
4245
4246
4247
4248
4250
4251
4252
4254
4256
4259
4260
4262
4264
4265
4267
4268
4269
4270
4271
4272
4274
4276
4278
4279
4280
4281
4283
4287
4294
4295
4296
4297
4298
4300
4301
4305
4306
4308
4309
4311
4312
4313
4314
4315
4317
4318
4320
4322
4323
4324
4325
4327
4331
4332
4333
4334
4336
4338
4340
4341
4343
4346
4348
4349
4351
4352
4353
4356
4358
4360
4361
4362
4363
4367
4368
4370
4371
4372
4375
4379
4381
4387
4389
4391
4393
4394
4395
4398
4399
4400
4401
4402
4403
4404
4405
4408
4409
4410
4411
4412
4415
4416
4417
4420
4423
4424
4425
4426
4427
4428
4430
4435
4437
4438
4440
4441
4443
4444
4445
4446
4448
4449
4450
4452
4453
4456
4457
4458
4460
4461
4462
4463
4465
4467
4468
4469
4470
4473
4474
4475
4476
4478
4479
4481
4482
4484
4487
4488
4491
4492
4494
4495
4497
4499
4501
4504
4505
4506
4511
4512
4513
4515
4518
4520
4522
4524
4525
4531
4532
4533
4534
4535
4536
4537
4538
4539
4541
4544
4546
4548
4550
4552
4556
4557
4558
4560
4562
4563
4564
4565
4566
4568
4571
4574
4575
4579
4581
4582
4584
4585
4586
4587
4588
4589
4591
4592
4594
4595
4596
4597
4599
4600
4601
4606
4607
4608
4611
4613
4617
4620
4624
4628
4629
4633
4634
4635
4638
4640
4642
4645
4647
4648
4649
4654
4656
4657
4659
4660
4662
4663
4664
4665
4666
4667
4668
4669
4671
4673
4675
4676
4679
4685
4686
4688
4689
4690
4694
4695
4696
4697
4698
4704
4705
4706
4707
4709
4710
4711
4712
4715
4721
4722
4723
4724
4725
4726
4728
4730
4731
4734
4735
4736
4743
4746
4748
4750
4752
4753
4756
4758
4760
4761
4762
4765
4768
4770
4771
4772
4774
4776
4777
4778
4780
4784
4786
4788
4789
4790
4791
4793
4800
4801
4802
4804
4805
4806
4808
4811
4812
4814
4815
4817
4819
4820
4822
4823
4824
4827
4829
4830
4831
4832
4833
4837
4838
4839
4840
4843
4845
4847
4849
4850
4852
4853
4854
4856
4859
4861
4864
4866
4867
4869
4870
4872
4873
4874
4875
4877
4881
4896
4897
4898
4899
4900
4901
4902
4903
4904
4905
4907
4908
4909
4911
4912
4913
4915
4917
4918
4919
4921
4922
4923
4925
4926
4927
4930
4931
4932
4933
4934
4937
4939
4941
4942
4943
4948
4950
4951
4952
4953
4955
4956
4957
4959
4960
4963
4964
4968
4970
4971
4972
4974
4975
4976
4980
4983
4984
4986
4987
4989
4990
4991
4993
4994
4995
4997
5000
5003
5004
5006
5007
5008
5009
5011
5013
5014
5015
5016
5020
5021
5025
5027
5029
5030
5032
5033
5038
5041
5043
5045
5048
5050
5051
5053
5054
5056
5057
5061
5062
5064
5065
5066
5072
5073
5076
5078
5079
5081
5084
5085
5086
5087
5089
5090
5092
5093
5095
5097
5100
5103
5105
5107
5108
5109
5111
5112
5115
5119
5122
5123
5124
5125
5129
5130
5131
5133
5136
5137
5138
5145
5146
5148
5150
5151
5152
5156
5157
5158
5159
5161
5163
5165
5166
5168
5170
5171
5173
5178
5179
5180
5181
5182
5184
5185
5186
5187
5188
5189
5192
5197
5199
5200
5201
5202
5203
5205
5206
5207
5208
5210
5212
5214
5215
5216
5217
5218
5220
5222
5225
5226
5232
5233
5235
5237
5238
5239
5240
5241
5243
5244
5245
5247
5252
5253
5255
5256
5257
5259
5260
5262
5264
5267
5269
5272
5273
5275
5279
5285
5286
5287
5289
5291
5294
5297
5298
5304
5305
5311
5312
5316
5317
5320
5321
5322
5323
5327
5332
5334
5335
5340
5343
5345
5346
5347
5349
5351
5353
5354
5356
5357
5366
5369
5372
5373
5376
5377
5380
5382
5383
5384
5385
5386
5389
5392
5393
5394
5396
5398
5400
5401
5402
5405
5406
5410
5411
5412
5414
5415
5416
5420
5421
5425
5426
5427
5432
5433
5434
5435
5436
5437
5438
5439
5441
5443
5444
5446
5449
5452
5453
5455
5456
5459
5460
5461
5462
5463
5464
5465
5466
5468
5469
5470
5471
5472
5473
5474
5476
5477
5478
5479
5481
5482
5483
5484
5485
5486
5487
5488
5491
5492
5493
5494
5497
5498
5499
5500
5501
5504
5505
5507
5508
5512
5513
5514
5516
5518
5520
5522
5527
5528
5529
5530
5532
5534
5537
5538
5540
5541
5542
5543
5546
5548
5549
5550
5551
5553
5555
5556
5557
5559
5563
5564
5565
5566
5568
5569
5570
5571
5574
5575
5576
5578
5579
5580
5581
5582
5583
5584
5588
5590
5591
5593
5594
5595
5596
5600
5601
5602
5604
5605
5607
5608
5609
5610
5617
5618
5620
5621
5622
5624
5625
5626
5627
5629
5632
5637
5639
5640
5641
5642
5644
5645
5646
5650
5651
5653
5655
5657
5662
5664
5665
5668
5669
5670
5671
5674
5676
5677
5678
5679
5680
5682
5685
5686
5689
5691
5694
5699
5702
5704
5706
5708
5718
5720
5721
5723
5724
5727
5730
5736
5737
5740
5744
5746
5752
5754
5757
5759
5760
5761
5762
5764
5766
5767
5770
5771
5772
5773
5774
5776
5777
5779
5782
5783
5784
5787
5789
5791
5793
5796
5797
5798
5802
5803
5805
5806
5807
5808
5810
5814
5816
5820
5821
5822
5823
5826
5827
5831
5832
5837
5838
5840
5844
5845
5846
5848
5849
5850
5851
5853
5855
5860
5861
5863
5864
5865
5867
5870
5874
5876
5877
5878
5879
5883
5884
5888
5895
5896
5897
5898
5901
5910
5916
5917
5918
5921
5925
5926
5928
5933
5936
5937
5939
5940
5941
5944
5946
5948
5949
5950
5951
5953
5954
5955
5957
5959
5960
5961
5962
5963
5964
5968
5970
5971
5975
5977
5978
5979
5981
5983
5985
5987
5988
5989
5990
5992
5993
5994
5995
5996
6003
6005
6006
6009
6011
6013
6015
6016
6018
6019
6023
6031
6034
6035
6038
6040
6042
6044
6045
6046
6051
6052
6055
6059
6063
6064
6065
6066
6067
6068
6070
6071
6073
6075
6076
6079
6083
6084
6085
6086
6089
6091
6092
6093
6098
6099
6101
6102
6105
6106
6109
6114
6116
6117
6118
6119
6124
6125
6126
6127
6128
6130
6133
6135
6137
6139
6140
6141
6144
6145
6148
6150
6151
6152
6153
6156
6157
6159
6162
6163
6165
6167
6168
6171
6172
6173
6174
6175
6177
6182
6183
6185
6186
6189
6192
6193
6195
6198
6201
6207
6209
6212
6214
6220
6221
6222
6225
6226
6227
6228
6229
6232
6234
6238
6239
6240
6241
6245
6250
6251
6253
6255
6256
6258
6259
6262
6263
6265
6269
6270
6274
6276
6279
6280
6284
6286
6290
6292
6294
6295
6301
6303
6304
6305
6307
6308
6310
6312
6313
6317
6318
6319
6321
6323
6325
6326
6328
6330
6332
6334
6335
6336
6337
6339
6340
6341
6342
6344
6345
6347
6348
6349
6350
6352
6353
6358
6359
6360
6361
6363
6364
6367
6369
6373
6374
6378
6382
6383
6384
6386
6388
6389
6393
6396
6397
6398
6399
6403
6404
6405
6407
6411
6412
6414
6415
6416
6417
6421
6423
6424
6425
6426
6427
6430
6432
6434
6437
6438
6439
6441
6442
6444
6445
6447
6448
6450
6452
6457
6463
6465
6466
6474
6475
6477
6478
6479
6481
6482
6483
6489
6492
6494
6497
6498
6501
6503
6504
6506
6509
6510
6513
6515
6518
6519
6522
6523
6526
6527
6528
6529
6531
6532
6533
6535
6536
6537
6541
6542
6543
6546
6547
6548
6549
6550
6552
6554
6555
6557
6558
6561
6562
6564
6566
6567
6568
6569
6570
6574
6576
6577
6580
6584
6585
6587
6588
6589
6592
6593
6594
6595
6596
6599
6603
6605
6606
6615
6616
6617
6621
6622
6623
6624
6627
6632
6634
6635
6637
6638
6639
6640
6643
6644
6645
6646
6647
6652
6654
6656
6657
6658
6662
6663
6665
6667
6671
6676
6677
6680
6682
6683
6685
6686
6689
6691
6694
6695
6698
6699
6701
6702
6703
6706
6707
6709
6713
6715
6717
6719
6721
6724
6725
6726
6727
6728
6729
6731
6732
6738
6739
6741
6742
6743
6744
6746
6747
6748
6749
6754
6758
6759
6762
6765
6766
6775
6776
6777
6779
6781
6785
6786
6787
6795
6796
6805
6806
6807
6809
6811
6812
6815
6816
6819
6820
6822
6826
6827
6828
6829
6830
6831
6832
6835
6840
6841
6842
6843
6847
6849
6850
6853
6855
6861
6862
6864
6866
6868
6872
6873
6877
6878
6879
6880
6882
6885
6886
6887
6888
6890
6891
6892
6893
6894
6896
6897
6898
6899
6900
6901
6903
6904
6908
6910
6911
6912
6915
6918
6921
6922
6923
6924
6925
6929
6931
6932
6934
6935
6938
6941
6942
6943
6945
6946
6947
6948
6951
6952
6955
6958
6963
6965
6966
6967
6968
6970
6972
6975
6981
6982
6987
6989
6990
6994
6997
6998
6999
7000
7003
7004
7006
7010
7013
7015
7017
7018
7019
7022
7023
7024
7029
7030
7031
7033
7036
7037
7038
7040
7041
7044
7045
7047
7048
7049
7052
7055
7060
7062
7063
7064
7067
7068
7069
7071
7075
7076
7080
7081
7082
7084
7085
7086
7088
7089
7092
7094
7095
7096
7099
7100
7102
7104
7105
7107
7110
7114
7115
7117
7119
7125
7129
7131
7135
7136
7138
7140
7141
7142
7143
7144
7145
7146
7148
7150
7152
7155
7156
7157
7158
7159
7162
7163
7164
7168
7169
7172
7174
7176
7179
7181
7183
7187
7189
7190
7193
7196
7197
7198
7200
7204
7205
7212
7214
7216
7217
7226
7227
7230
7231
7237
7240
7241
7243
7244
7246
7247
7248
7251
7253
7257
7259
7260
7262
7264
7265
7269
7270
7271
7272
7273
7274
7275
7278
7279
7281
7282
7283
7284
7287
7289
7292
7293
7294
7295
7298
7299
7300
7302
7304
7310
7313
7314
7315
7316
7318
7319
7324
7325
7326
7328
7331
7334
7335
7336
7338
7339
7343
7344
7346
7348
7351
7353
7354
7357
7358
7362
7364
7372
7373
7374
7377
7379
7382
7384
7386
7387
7389
7394
7395
7398
7399
7400
7401
7403
7407
7408
7410
7412
7414
7418
7419
7420
7422
7423
7424
7426
7427
7430
7432
7433
7435
7436
7437
7438
7439
7442
7444
7445
7448
7450
7453
7455
7458
7460
7462
7463
7465
7466
7467
7469
7470
7472
7478
7480
7484
7486
7488
7489
7490
7491
7493
7494
7495
7497
7498
7500
7501
7502
7506
7507
7509
7512
7514
7515
7516
7518
7522
7523
7524
7525
7527
7528
7529
7532
7534
7540
7541
7549
7550
7552
7554
7555
7556
7560
7564
7566
7573
7580
7583
7587
7588
7590
7591
7592
7594
7599
7607
7608
7610
7612
7613
7614
7617
7618
7621
7622
7623
7630
7635
7636
7639
7642
7643
7645
7647
7648
7649
7650
7656
7658
7661
7663
7664
7665
7669
7670
7673
7674
7676
7677
7681
7682
7688
7689
7690
7691
7692
7696
7701
7706
7707
7710
7714
7715
7717
7718
7725
7726
7727
7728
7730
7731
7732
7733
7734
7735
7736
7737
7739
7741
7743
7745
7748
7750
7751
7752
7754
7757
7758
7760
7761
7762
7763
7764
7766
7768
7769
7770
7771
7772
7774
7775
7778
7782
7786
7787
7788
7790
7791
7793
7795
7797
7799
7801
7802
7803
7804
7806
7807
7808
7809
7812
7813
7815
7817
7818
7819
7820
7821
7822
7823
7825
7826
7827
7828
7830
7831
7835
7836
7842
7843
7844
7845
7848
7849
7850
7851
7853
7855
7857
7858
7859
7862
7864
7865
7870
7871
7873
7874
7875
7877
7879
7880
7882
7884
7885
7887
7888
7891
7894
7895
7898
7899
7901
7903
7904
7905
7906
7907
7908
7909
7910
7911
7912
7913
7915
7916
7918
7921
7922
7923
7924
7925
7926
7928
7929
7930
7931
7932
7933
7938
7941
7942
7948
7949
7952
7955
7958
7959
7960
7961
7962
7965
7966
7967
7970
7973
7976
7978
7979
7980
7981
7982
7983
7986
7988
7989
7990
7992
7996
7997
7998
7999
8001
8002
8003
8004
8007
8008
8009
8010
8011
8014
8016
8017
8018
8019
8020
8023
8024
8026
8027
8028
8029
8030
8031
8032
8034
8035
8036
8038
8039
8042
8043
8044
8045
8047
8049
8050
8051
8052
8053
8054
8056
8057
8058
8059
8061
8062
8063
8066
8068
8071
8073
8074
8075
8076
8079
8083
8086
8087
8097
8098
8101
8102
8104
8105
8107
8108
8109
8113
8114
8115
8116
8117
8122
8123
8125
8126
8127
8128
8130
8132
8133
8135
8136
8138
8140
8141
8142
8144
8146
8149
8150
8151
8157
8158
8161
8166
8172
8175
8178
8179
8180
8182
8183
8185
8187
8192
8193
8197
8199
8202
8203
8207
8208
8209
8210
8212
8213
8215
8216
8217
8218
8219
8220
8222
8223
8226
8228
8232
8233
8234
8236
8238
8239
8240
8241
8244
8245
8246
8251
8253
8254
8257
8258
8259
8260
8264
8266
8269
8270
8272
8273
8276
8279
8283
8285
8286
8291
8294
8295
8298
8299
8301
8302
8305
8306
8307
8309
8310
8311
8312
8313
8316
8317
8320
8321
8322
8324
8330
8331
8332
8333
8334
8335
8340
8341
8344
8346
8347
8348
8351
8352
8355
8356
8359
8360
8361
8364
8368
8371
8372
8373
8375
8380
8385
8386
8387
8388
8389
8390
8391
8393
8397
8398
8399
8400
8404
8405
8409
8413
8414
8415
8416
8417
8420
8422
8423
8425
8427
8428
8430
8431
8433
8438
8439
8440
8441
8442
8447
8448
8449
8450
8455
8456
8457
8458
8463
8465
8467
8468
8471
8477
8478
8480
8481
8483
8484
8489
8491
8493
8494
8498
8499
8500
8501
8502
8505
8507
8508
8510
8514
8516
8520
8522
8523
8526
8527
8528
8530
8533
8535
8539
8541
8543
8544
8545
8547
8549
8551
8552
8553
8554
8555
8556
8557
8558
8559
8560
8562
8565
8566
8570
8571
8572
8575
8577
8578
8579
8583
8586
8587
8589
8590
8591
8592
8593
8594
8595
8596
8598
8600
8603
8606
8607
8609
8614
8615
8617
8618
8619
8624
8627
8629
8632
8633
8635
8638
8643
8645
8646
8647
8649
8650
8652
8653
8656
8657
8658
8659
8660
8661
8662
8666
8668
8669
8674
8675
8677
8679
8681
8682
8683
8684
8685
8686
8688
8691
8693
8694
8695
8697
8700
8701
8703
8704
8705
8709
8712
8714
8719
8722
8724
8725
8727
8731
8734
8738
8739
8742
8745
8746
8747
8749
8750
8754
8756
8757
8764
8766
8767
8769
8770
8775
8776
8778
8779
8784
8785
8786
8788
8790
8791
8792
8793
8794
8795
8796
8798
8800
8803
8805
8806
8808
8809
8810
8816
8820
8824
8826
8827
8829
8830
8832
8833
8835
8837
8838
8840
8841
8846
8847
8848
8851
8853
8854
8856
8858
8859
8861
8862
8863
8865
8869
8871
8872
8874
8875
8876
8877
8881
8884
8886
8890
8892
8895
8896
8897
8899
8902
8903
8906
8910
8917
8921
8924
8925
8927
8928
8929
8933
8934
8939
8941
8942
8943
8944
8947
8948
8949
8951
8954
8957
8961
8962
8963
8964
8966
8968
8971
8973
8974
8979
8982
8983
8987
8988
8991
8993
8994
8995
8996
8998
9001
9003
9005
9006
9007
9009
9012
9015
9018
9021
9024
9025
9029
9031
9032
9036
9039
9040
9041
9042
9045
9046
9050
9051
9056
9057
9060
9064
9066
9069
9074
9075
9078
9082
9084
9087
9088
9089
9090
9091
9093
9095
9097
9098
9099
9101
9102
9103
9106
9111
9113
9114
9115
9116
9118
9120
9122
9123
9124
9127
9129
9134
9135
9136
9137
9139
9141
9142
9145
9146
9148
9149
9150
9151
9156
9158
9161
9164
9165
9171
9173
9174
9176
9177
9179
9181
9182
9184
9185
9186
9189
9190
9191
9192
9193
9194
9195
9196
9198
9199
9200
9201
9207
9208
9210
9213
9216
9217
9219
9220
9221
9222
9224
9226
9228
9229
9230
9232
9234
9235
9239
9245
9247
9248
9249
9251
9252
9253
9254
9256
9257
9259
9264
9265
9268
9269
9272
9273
9275
9277
9281
9283
9284
9290
9291
9293
9294
9296
9297
9298
9299
9300
9301
9302
9303
9306
9309
9310
9311
9312
9313
9314
9316
9319
9322
9323
9325
9328
9331
9334
9335
9336
9337
9338
9341
9345
9346
9347
9350
9352
9353
9355
9356
9357
9359
9360
9362
9363
9368
9369
9371
9373
9374
9377
9379
9380
9381
9382
9383
9384
9385
9386
9391
9396
9397
9404
9407
9408
9409
9411
9413
9414
9420
9421
9422
9423
9426
9427
9429
9430
9431
9434
9435
9436
9438
9442
9443
9444
9445
9446
9447
9448
9449
9450
9452
9453
9457
9458
9461
9464
9465
9466
9468
9469
9470
9471
9472
9473
9474
9475
9477
9479
9480
9481
9482
9483
9490
9491
9494
9495
9496
9498
9501
9502
9504
9507
9508
9509
9514
9516
9518
9519
9520
9522
9523
9527
9528
9529
9530
9532
9534
9536
9537
9538
9539
9541
9544
9545
9546
9547
9549
9550
9551
9552
9554
9555
9557
9559
9561
9567
9568
9572
9576
9581
9583
9584
9587
9589
9590
9592
9595
9596
9597
9598
9599
9601
9604
9605
9606
9607
9608
9609
9610
9611
9614
9615
9616
9620
9623
9625
9626
9627
9629
9630
9632
9633
9636
9642
9643
9644
9646
9648
9651
9652
9655
9657
9659
9660
9662
9664
9666
9672
9673
9674
9678
9681
9682
9683
9684
9686
9687
9688
9689
9691
9696
9697
9701
9703
9705
9706
9707
9709
9710
9713
9715
9718
9721
9723
9724
9728
9736
9738
9742
9745
9749
9750
9752
9753
9754
9755
9756
9757
9759
9760
9761
9762
9764
9765
9767
9768
9770
9771
9772
9773
9775
9776
9778
9782
9784
9786
9787
9789
9793
9795
9796
9797
9801
9802
9804
9805
9806
9808
9809
9814
9815
9816
9817
9820
9821
9823
9824
9825
9826
9828
9829
9830
9831
9832
9833
9835
9837
9841
9843
9847
9848
9853
9854
9855
9857
9858
9860
9861
9866
9871
9872
9874
9875
9876
9878
9881
9882
9883
9884
9885
9886
9887
9889
9890
9891
9892
9893
9894
9896
9901
9905
9912
9913
9917
9918
9919
9920
9921
9922
9927
9928
9931
9932
9934
9936
9937
9938
9940
9941
9947
9948
9950
9951
9956
9957
9958
9962
9963
9964
9968
9972
9973
9974
9978
9981
9983
9984
9986
9987
9988
9989
9990
9991
