0
1
2
3
9
10
11
12
14
18
19
20
21
22
23
24
26
27
28
29
30
31
32
33
34
36
38
40
48
50
51
52
53
54
58
63
65
68
70
71
72
73
74
75
76
78
79
80
81
84
86
90
91
92
95
96
98
99
100
101
103
105
107
108
110
112
113
114
116
117
118
119
120
125
132
133
134
135
137
141
142
144
147
148
150
153
154
155
159
160
162
163
164
166
167
168
171
174
181
183
184
186
187
189
190
191
192
194
197
198
202
203
204
205
209
210
215
216
219
220
222
223
224
227
230
231
236
237
239
244
246
251
253
258
260
262
264
265
266
270
271
272
276
277
282
283
284
286
287
289
290
292
296
298
301
302
307
308
309
310
312
313
314
316
318
319
321
322
323
324
325
328
330
332
333
334
335
336
337
338
339
341
344
345
346
347
348
349
350
352
353
354
360
361
363
364
365
368
370
371
373
374
375
378
379
380
382
383
385
386
388
389
390
392
394
395
396
398
401
402
403
404
405
406
408
411
413
414
415
416
417
418
420
421
424
426
427
428
430
433
435
438
439
441
444
445
446
447
449
450
451
452
453
454
456
460
463
466
467
468
470
471
472
473
474
477
480
482
484
487
488
489
492
493
494
496
499
500
502
504
506
507
508
510
511
512
515
516
518
524
527
530
531
533
538
541
542
543
546
547
549
550
553
554
557
559
561
562
569
570
573
574
575
581
582
583
584
588
591
594
596
598
600
601
603
605
608
610
611
612
616
618
620
622
623
630
632
633
634
637
641
642
644
646
647
650
652
654
655
659
660
661
662
665
666
667
668
669
670
671
672
673
675
678
679
687
691
692
693
695
696
697
703
705
707
708
711
714
717
719
722
724
725
730
732
736
740
742
745
746
750
751
754
755
757
758
761
763
764
765
766
768
769
773
777
778
779
780
782
784
789
792
794
797
800
802
804
814
815
816
820
825
828
829
832
834
836
837
838
839
840
841
849
850
851
852
853
854
856
857
859
866
867
871
873
878
883
886
887
891
894
897
899
901
902
903
905
906
907
915
916
917
920
922
923
925
926
929
930
931
932
934
938
940
945
946
947
949
951
953
954
956
961
966
969
973
974
975
976
977
980
983
986
989
991
994
995
996
1000
1001
1002
1006
1008
1009
1014
1027
1032
1033
1035
1036
1038
1040
1044
1046
1048
1049
1050
1051
1053
1056
1057
1058
1059
1060
1061
1062
1064
1066
1067
1068
1069
1071
1072
1073
1074
1076
1077
1079
1080
1083
1084
1086
1091
1092
1093
1095
1097
1099
1100
1101
1103
1105
1107
1108
1111
1112
1114
1115
1116
1117
1127
1128
1132
1137
1141
1143
1146
1147
1149
1151
1154
1159
1160
1166
1170
1171
1172
1175
1176
1177
1183
1186
1187
1188
1190
1191
1194
1197
1198
1199
1200
1202
1205
1206
1210
1211
1215
1216
1217
1218
1223
1226
1231
1234
1237
1241
1243
1248
1249
1250
1253
1254
1255
1259
1260
1262
1264
1266
1267
1269
1271
1273
1280
1284
1286
1287
1288
1289
1294
1296
1300
1301
1303
1304
1306
1307
1309
1310
1312
1313
1315
1316
1317
1318
1321
1322
1324
1325
1327
1328
1329
1330
1331
1332
1335
1336
1337
1339
1341
1344
1345
1347
1348
1349
1355
1357
1358
1363
1364
1371
1372
1373
1374
1377
1378
1380
1381
1389
1392
1396
1397
1400
1402
1403
1405
1406
1407
1410
1411
1414
1415
1417
1418
1420
1421
1425
1426
1427
1428
1429
1430
1431
1434
1436
1439
1441
1443
1447
1448
1449
1451
1452
1454
1462
1463
1464
1465
1466
1467
1469
1471
1473
1475
1477
1478
1480
1482
1483
1486
1487
1490
1492
1496
1500
1502
1503
1506
1508
1509
1511
1513
1514
1518
1520
1521
1522
1523
1527
1531
1532
1534
1535
1536
1537
1546
1547
1548
1549
1550
1556
1557
1559
1562
1563
1564
1568
1569
1572
1575
1576
1577
1580
1581
1582
1584
1585
1586
1587
1592
1593
1599
1600
1601
1603
1604
1605
1607
1608
1610
1613
1615
1617
1621
1624
1628
1630
1631
1633
1640
1641
1642
1646
1648
1650
1651
1657
1658
1659
1660
1662
1663
1665
1667
1673
1675
1678
1679
1682
1685
1686
1687
1689
1693
1695
1696
1698
1699
1700
1701
1702
1706
1711
1716
1718
1720
1721
1725
1726
1727
1728
1729
1731
1734
1736
1740
1741
1745
1748
1750
1756
1757
1759
1760
1763
1764
1765
1766
1769
1773
1776
1777
1779
1780
1782
1785
1789
1790
1791
1793
1795
1797
1799
1801
1802
1805
1807
1808
1809
1810
1811
1812
1814
1818
1819
1823
1824
1825
1828
1832
1833
1842
1843
1844
1846
1847
1849
1850
1853
1857
1859
1865
1867
1868
1870
1872
1874
1875
1876
1879
1880
1882
1888
1889
1894
1896
1898
1900
1902
1903
1904
1905
1907
1909
1910
1912
1916
1917
1920
1921
1924
1927
1932
1934
1938
1939
1940
1942
1943
1946
1947
1948
1951
1955
1961
1964
1965
1967
1969
1972
1976
1977
1979
1981
1982
1987
1989
1992
1993
1994
1995
1996
1997
2000
2005
2008
2010
2013
2016
2017
2018
2019
2022
2027
2028
2031
2033
2036
2039
2040
2042
2043
2045
2046
2047
2050
2051
2052
2053
2054
2057
2059
2062
2063
2064
2065
2066
2068
2074
2077
2081
2082
2083
2086
2088
2089
2091
2092
2093
2094
2098
2100
2104
2105
2106
2108
2109
2111
2116
2118
2120
2124
2127
2130
2140
2144
2145
2147
2148
2149
2151
2154
2158
2159
2160
2167
2168
2171
2172
2174
2176
2177
2181
2183
2184
2185
2187
2189
2190
2191
2192
2193
2195
2198
2204
2205
2207
2208
2209
2210
2211
2215
2216
2218
2222
2223
2224
2225
2226
2227
2231
2232
2234
2235
2239
2241
2242
2243
2247
2249
2250
2252
2253
2254
2256
2258
2259
2261
2262
2264
2270
2273
2275
2277
2279
2281
2282
2283
2284
2289
2291
2292
2293
2294
2300
2301
2302
2304
2310
2311
2312
2314
2317
2318
2319
2320
2323
2325
2326
2328
2333
2337
2339
2340
2343
2347
2348
2353
2354
2355
2356
2358
2359
2360
2363
2364
2366
2370
2371
2372
2374
2376
2377
2378
2379
2380
2381
2382
2383
2385
2386
2389
2390
2392
2394
2395
2396
2397
2398
2400
2403
2404
2405
2406
2407
2409
2410
2411
2412
2414
2415
2416
2417
2419
2420
2426
2428
2429
2430
2438
2441
2442
2445
2447
2448
2450
2454
2456
2458
2459
2461
2466
2469
2470
2471
2473
2474
2476
2479
2480
2481
2485
2486
2493
2495
2496
2499
2500
2502
2503
2504
2505
2509
2510
2512
2515
2516
2518
2519
2524
2525
2526
2528
2532
2533
2534
2535
2538
2539
2543
2547
2548
2550
2552
2555
2559
2561
2562
2566
2567
2568
2569
2576
2582
2585
2587
2589
2591
2592
2594
2596
2599
2600
2601
2602
2603
2605
2609
2610
2611
2612
2613
2614
2616
2619
2620
2624
2632
2633
2636
2637
2638
2642
2644
2645
2646
2649
2650
2651
2653
2654
2655
2657
2658
2659
2661
2662
2665
2666
2669
2672
2673
2675
2676
2677
2678
2679
2681
2683
2684
2686
2687
2690
2692
2693
2694
2695
2698
2699
2701
2703
2704
2705
2707
2708
2709
2710
2711
2713
2714
2718
2720
2722
2723
2727
2733
2734
2736
2738
2740
2741
2742
2744
2745
2747
2749
2750
2754
2758
2760
2769
2770
2773
2774
2775
2778
2779
2780
2782
2783
2784
2788
2789
2790
2792
2795
2796
2797
2802
2804
2805
2807
2811
2814
2815
2817
2818
2820
2823
2825
2826
2830
2831
2833
2835
2836
2837
2839
2840
2843
2844
2845
2846
2848
2853
2854
2855
2856
2857
2866
2867
2868
2870
2871
2875
2879
2880
2882
2883
2884
2885
2886
2887
2890
2892
2893
2894
2896
2900
2901
2906
2908
2910
2912
2913
2915
2916
2918
2920
2924
2927
2928
2932
2933
2934
2937
2938
2940
2941
2942
2944
2946
2948
2952
2953
2954
2955
2957
2959
2961
2962
2967
2969
2971
2974
2976
2977
2978
2980
2982
2983
2990
2991
2992
2997
2998
3002
3003
3009
3011
3013
3016
3020
3021
3022
3023
3024
3027
3028
3030
3031
3038
3040
3041
3043
3045
3050
3053
3054
3055
3061
3062
3064
3066
3069
3070
3071
3072
3074
3075
3076
3077
3078
3079
3080
3081
3085
3088
3089
3090
3091
3092
3096
3097
3098
3100
3101
3104
3106
3107
3109
3111
3114
3115
3117
3118
3119
3121
3123
3130
3131
3133
3135
3138
3139
3141
3143
3147
3148
3150
3154
3155
3156
3160
3162
3163
3164
3167
3169
3171
3173
3174
3176
3181
3182
3183
3184
3185
3186
3187
3192
3195
3196
3197
3201
3204
3206
3207
3209
3214
3215
3219
3220
3224
3229
3230
3233
3234
3237
3239
3240
3241
3245
3249
3251
3252
3255
3256
3257
3262
3268
3270
3271
3272
3278
3280
3281
3285
3287
3289
3290
3292
3293
3294
3295
3299
3300
3303
3305
3306
3307
3308
3309
3310
3312
3313
3314
3317
3318
3319
3320
3322
3323
3327
3330
3331
3335
3339
3340
3343
3346
3347
3348
3351
3352
3356
3357
3361
3362
3364
3369
3372
3376
3379
3384
3385
3387
3388
3389
3392
3394
3399
3400
3402
3403
3404
3406
3407
3408
3411
3412
3413
3415
3419
3422
3423
3424
3425
3426
3430
3435
3436
3437
3438
3442
3443
3444
3447
3449
3450
3452
3454
3457
3460
3461
3470
3476
3479
3480
3481
3482
3483
3484
3487
3488
3489
3490
3491
3493
3495
3496
3499
3502
3506
3517
3518
3525
3526
3528
3531
3533
3535
3537
3538
3540
3542
3544
3547
3548
3550
3551
3553
3555
3557
3558
3560
3563
3565
3566
3570
3573
3574
3575
3576
3579
3580
3584
3587
3589
3591
3592
3595
3596
3597
3599
3600
3601
3602
3603
3604
3609
3610
3611
3612
3613
3614
3615
3617
3618
3619
3620
3622
3623
3625
3627
3629
3632
3633
3636
3640
3641
3642
3643
3644
3649
3650
3651
3653
3654
3656
3657
3658
3662
3664
3665
3666
3669
3672
3673
3674
3678
3683
3684
3688
3690
3691
3692
3694
3695
3698
3702
3703
3704
3706
3709
3711
3713
3715
3716
3717
3719
3724
3727
3729
3730
3732
3733
3734
3735
3739
3741
3742
3743
3745
3747
3748
3753
3754
3755
3757
3758
3759
3762
3764
3768
3769
3770
3771
3772
3777
3783
3785
3786
3789
3790
3792
3794
3797
3798
3805
3807
3809
3812
3813
3814
3817
3818
3821
3822
3823
3829
3830
3833
3834
3835
3840
3842
3843
3845
3846
3847
3848
3849
3852
3853
3855
3858
3859
3860
3861
3864
3866
3869
3871
3872
3873
3876
3877
3878
3879
3881
3882
3884
3885
3889
3890
3895
3897
3898
3899
3901
3902
3904
3906
3909
3910
3912
3913
3916
3917
3925
3926
3929
3932
3933
3934
3936
3937
3940
3943
3946
3948
3951
3961
3962
3964
3965
3967
3969
3970
3972
3973
3974
3975
3976
3979
3983
3987
3988
3991
3994
3997
4000
4002
4003
4005
4007
4008
4009
4010
4011
4013
4014
4017
4018
4021
4022
4023
4026
4027
4030
4032
4034
4044
4045
4046
4047
4048
4049
4050
4062
4064
4068
4071
4072
4074
4082
4087
4090
4091
4093
4094
4095
4096
4099
4104
4106
4111
4112
4113
4114
4115
4121
4126
4128
4129
4135
4136
4140
4144
4147
4149
4150
4154
4157
4158
4159
4160
4165
4168
4169
4170
4172
4173
4177
4178
4179
4183
4188
4189
4190
4191
4194
4196
4197
4199
4201
4204
4210
4212
4215
4216
4221
4223
4225
4227
4228
4229
4231
4233
4235
4238
4239
4243
4249
4253
4255
4257
4258
4261
4263
4266
4273
4275
4277
4282
4284
4285
4286
4288
4289
4290
4291
4292
4293
4299
4302
4303
4304
4307
4310
4316
4319
4321
4326
4328
4329
4330
4335
4337
4339
4342
4344
4345
4347
4350
4354
4355
4359
4364
4365
4366
4369
4373
4374
4376
4377
4378
4380
4382
4383
4384
4385
4386
4388
4390
4392
4396
4397
4406
4407
4413
4414
4418
4419
4421
4422
4429
4431
4432
4433
4434
4436
4439
4442
4447
4451
4454
4455
4459
4464
4466
4471
4472
4477
4480
4483
4485
4486
4489
4490
4493
4496
4498
4500
4502
4503
4507
4509
4510
4514
4516
4517
4519
4521
4523
4526
4527
4528
4529
4530
4540
4542
4543
4545
4547
4549
4551
4553
4554
4555
4559
4561
4567
4569
4570
4572
4573
4576
4577
4578
4580
4583
4590
4593
4598
4602
4603
4604
4605
4609
4610
4612
4614
4615
4616
4618
4619
4621
4622
4623
4625
4626
4627
4630
4631
4632
4636
4637
4639
4641
4643
4644
4646
4650
4651
4652
4653
4658
4661
4670
4672
4674
4677
4678
4680
4681
4682
4683
4684
4687
4691
4692
4693
4699
4700
4701
4702
4703
4708
4713
4714
4716
4717
4718
4719
4720
4727
4729
4732
4733
4737
4738
4739
4740
4741
4742
4744
4745
4747
4749
4751
4754
4755
4757
4759
4763
4764
4766
4767
4769
4773
4775
4779
4782
4783
4785
4787
4792
4794
4795
4796
4797
4798
4799
4803
4807
4809
4810
4813
4816
4818
4821
4825
4826
4834
4835
4836
4841
4842
4844
4846
4848
4851
4855
4857
4858
4860
4862
4863
4865
4868
4871
4876
4878
4879
4880
4882
4883
4884
4885
4886
4887
4888
4889
4890
4891
4892
4893
4894
4895
4906
4910
4914
4916
4920
4924
4928
4929
4935
4936
4938
4940
4944
4945
4946
4947
4949
4958
4961
4962
4965
4966
4967
4969
4973
4977
4978
4979
4981
4982
4985
4988
4992
4996
4998
4999
5001
5002
5005
5010
5012
5017
5018
5019
5022
5023
5024
5026
5028
5031
5034
5035
5036
5037
5039
5040
5042
5044
5046
5047
5049
5052
5055
5058
5059
5060
5063
5067
5068
5069
5070
5071
5074
5075
5077
5080
5082
5083
5088
5091
5094
5096
5098
5099
5101
5102
5104
5106
5110
5113
5114
5116
5117
5118
5120
5121
5126
5127
5132
5134
5135
5139
5140
5141
5142
5143
5144
5147
5149
5153
5154
5155
5160
5162
5164
5167
5169
5172
5174
5176
5177
5183
5190
5191
5193
5194
5195
5196
5198
5204
5209
5211
5213
5219
5221
5223
5224
5228
5229
5230
5231
5234
5236
5242
5246
5248
5249
5251
5254
5258
5261
5263
5265
5266
5270
5271
5274
5276
5277
5278
5280
5281
5282
5283
5284
5288
5290
5292
5293
5295
5296
5299
5300
5301
5302
5303
5306
5307
5308
5309
5310
5313
5314
5315
5318
5319
5324
5325
5326
5328
5329
5330
5331
5333
5336
5337
5338
5339
5341
5342
5344
5348
5350
5352
5355
5358
5359
5360
5361
5362
5363
5364
5365
5367
5368
5370
5371
5374
5375
5378
5379
5381
5387
5388
5390
5391
5395
5397
5399
5403
5404
5407
5408
5409
5413
5417
5418
5419
5422
5423
5424
5428
5429
5430
5431
5440
5442
5445
5447
5448
5450
5451
5454
5457
5458
5467
5475
5480
5489
5490
5495
5496
5502
5503
5506
5509
5510
5511
5515
5517
5519
5521
5523
5524
5525
5526
5531
5533
5535
5536
5539
5544
5545
5547
5552
5554
5558
5560
5561
5562
5567
5572
5573
5577
5586
5587
5589
5592
5597
5598
5599
5603
5606
5611
5612
5613
5614
5615
5616
5619
5623
5628
5630
5631
5633
5634
5635
5636
5638
5643
5647
5648
5649
5652
5654
5656
5658
5660
5661
5663
5666
5667
5672
5673
5675
5681
5683
5684
5687
5688
5690
5692
5693
5695
5696
5697
5698
5700
5701
5703
5705
5707
5709
5710
5711
5712
5713
5714
5715
5716
5717
5719
5722
5725
5726
5728
5729
5731
5732
5733
5734
5735
5738
5739
5741
5742
5743
5745
5747
5748
5749
5750
5751
5753
5755
5756
5758
5763
5765
5768
5769
5775
5778
5780
5781
5785
5786
5788
5790
5792
5794
5795
5799
5800
5801
5804
5809
5811
5812
5813
5815
5817
5818
5819
5824
5825
5828
5829
5830
5833
5834
5835
5836
5839
5841
5842
5843
5847
5852
5854
5857
5858
5859
5862
5866
5868
5869
5871
5872
5873
5875
5880
5881
5882
5885
5886
5887
5889
5890
5891
5892
5893
5894
5899
5900
5902
5903
5904
5905
5906
5907
5908
5909
5911
5912
5913
5914
5915
5919
5920
5922
5923
5924
5927
5929
5930
5931
5932
5934
5935
5938
5942
5943
5945
5947
5952
5956
5958
5965
5966
5967
5969
5972
5974
5976
5980
5982
5984
5986
5991
5997
5998
5999
6000
6001
6002
6004
6007
6008
6010
6012
6014
6017
6020
6021
6022
6026
6027
6028
6029
6030
6032
6033
6036
6037
6039
6041
6043
6048
6049
6050
6053
6054
6056
6057
6058
6060
6061
6062
6069
6072
6074
6077
6078
6080
6081
6082
6087
6088
6090
6094
6095
6096
6097
6100
6103
6104
6107
6108
6110
6111
6112
6113
6115
6121
6122
6123
6129
6131
6132
6134
6136
6138
6142
6143
6146
6147
6149
6154
6155
6158
6160
6161
6164
6166
6169
6170
6176
6178
6179
6180
6181
6184
6187
6188
6190
6191
6194
6196
6197
6199
6202
6203
6204
6205
6206
6208
6210
6211
6213
6215
6216
6217
6218
6219
6223
6224
6230
6231
6233
6235
6236
6237
6242
6243
6244
6246
6247
6248
6249
6252
6254
6257
6260
6261
6264
6266
6267
6268
6271
6273
6275
6277
6278
6281
6282
6283
6285
6287
6288
6289
6291
6293
6296
6297
6298
6299
6300
6302
6306
6309
6311
6314
6315
6316
6320
6322
6324
6327
6329
6331
6333
6338
6343
6346
6351
6354
6355
6356
6357
6362
6365
6366
6368
6370
6371
6372
6375
6376
6377
6379
6380
6381
6385
6387
6390
6391
6392
6394
6395
6400
6401
6402
6406
6408
6409
6410
6413
6418
6419
6420
6422
6428
6429
6431
6433
6435
6436
6440
6443
6446
6449
6451
6453
6454
6455
6456
6458
6459
6460
6461
6462
6464
6467
6468
6469
6470
6471
6472
6473
6476
6480
6484
6485
6486
6487
6490
6491
6493
6495
6496
6499
6500
6502
6507
6508
6511
6512
6514
6516
6517
6520
6521
6524
6525
6530
6534
6538
6539
6540
6544
6545
6551
6553
6556
6559
6560
6563
6565
6571
6572
6573
6575
6578
6579
6581
6582
6583
6586
6590
6591
6597
6598
6600
6601
6602
6604
6607
6608
6609
6610
6611
6612
6613
6614
6618
6619
6620
6625
6626
6628
6630
6631
6633
6636
6641
6642
6648
6649
6650
6651
6653
6655
6659
6660
6661
6664
6666
6668
6669
6670
6672
6673
6674
6675
6678
6679
6681
6684
6687
6688
6690
6692
6693
6696
6697
6700
6704
6705
6708
6710
6711
6712
6714
6716
6718
6720
6722
6723
6730
6733
6734
6735
6736
6737
6740
6745
6750
6751
6752
6753
6755
6756
6757
6760
6761
6763
6764
6767
6768
6769
6770
6771
6772
6773
6774
6778
6780
6782
6783
6784
6788
6789
6790
6791
6792
6793
6794
6797
6798
6799
6800
6801
6802
6803
6804
6808
6810
6813
6814
6817
6818
6821
6823
6824
6825
6833
6834
6836
6837
6838
6839
6844
6845
6846
6848
6851
6852
6854
6856
6857
6858
6859
6860
6863
6865
6867
6869
6870
6871
6874
6875
6876
6881
6883
6884
6889
6895
6902
6906
6907
6909
6913
6914
6916
6917
6919
6920
6926
6927
6928
6930
6933
6936
6937
6939
6940
6944
6949
6950
6953
6954
6956
6957
6959
6960
6961
6962
6964
6969
6971
6974
6976
6977
6978
6979
6980
6983
6984
6985
6986
6988
6991
6992
6993
6995
6996
7001
7002
7005
7008
7009
7011
7012
7014
7016
7020
7021
7025
7026
7027
7028
7032
7034
7035
7039
7042
7043
7046
7050
7051
7053
7054
7056
7057
7058
7059
7061
7065
7066
7070
7072
7073
7077
7078
7079
7083
7087
7090
7091
7093
7097
7098
7101
7103
7106
7108
7109
7111
7112
7113
7116
7118
7120
7121
7122
7123
7124
7126
7127
7128
7130
7132
7133
7134
7137
7139
7149
7151
7153
7154
7160
7161
7165
7166
7167
7170
7171
7173
7175
7177
7178
7180
7182
7184
7185
7186
7188
7191
7192
7194
7195
7199
7201
7202
7203
7206
7207
7208
7209
7210
7211
7213
7215
7218
7219
7220
7221
7222
7223
7224
7225
7228
7229
7232
7233
7234
7235
7238
7239
7242
7245
7249
7250
7252
7254
7255
7256
7258
7261
7263
7266
7267
7268
7276
7277
7280
7285
7286
7288
7290
7291
7297
7301
7303
7305
7306
7307
7308
7309
7311
7312
7317
7320
7321
7322
7323
7327
7329
7330
7332
7333
7337
7340
7341
7342
7345
7347
7350
7352
7355
7356
7359
7360
7361
7363
7365
7366
7367
7368
7369
7370
7371
7375
7376
7378
7380
7381
7383
7385
7388
7390
7391
7392
7393
7396
7397
7402
7404
7405
7406
7409
7411
7413
7415
7416
7417
7421
7425
7428
7429
7431
7434
7440
7441
7443
7446
7447
7449
7451
7452
7454
7456
7457
7459
7461
7464
7468
7471
7473
7474
7475
7476
7477
7479
7481
7482
7483
7485
7487
7492
7496
7499
7503
7504
7505
7508
7510
7511
7513
7517
7519
7520
7521
7526
7530
7531
7533
7535
7536
7537
7538
7539
7542
7543
7544
7546
7547
7548
7551
7553
7557
7558
7559
7561
7562
7563
7565
7567
7568
7569
7570
7571
7572
7574
7575
7576
7577
7578
7579
7581
7582
7584
7585
7586
7589
7593
7595
7596
7597
7598
7600
7601
7602
7603
7604
7605
7606
7609
7611
7615
7616
7619
7620
7624
7625
7626
7627
7628
7629
7631
7632
7633
7634
7637
7638
7640
7641
7644
7646
7651
7652
7653
7654
7655
7657
7659
7660
7662
7666
7667
7668
7671
7672
7675
7678
7679
7680
7683
7684
7685
7686
7687
7693
7694
7695
7697
7698
7699
7700
7702
7703
7704
7705
7708
7709
7711
7712
7713
7716
7719
7720
7721
7722
7723
7724
7729
7738
7740
7742
7744
7746
7747
7749
7753
7755
7756
7759
7765
7767
7773
7776
7777
7779
7780
7781
7783
7784
7785
7789
7792
7794
7796
7798
7800
7805
7810
7811
7814
7816
7824
7829
7832
7833
7834
7837
7838
7839
7840
7841
7846
7847
7852
7854
7856
7860
7861
7863
7866
7867
7868
7869
7872
7876
7878
7881
7883
7886
7889
7890
7892
7893
7896
7897
7900
7902
7914
7917
7919
7920
7927
7934
7935
7936
7937
7939
7940
7943
7944
7945
7946
7947
7950
7951
7953
7954
7956
7963
7964
7968
7969
7971
7972
7974
7975
7977
7984
7985
7987
7991
7993
7994
7995
8000
8005
8006
8012
8013
8015
8021
8022
8025
8033
8037
8040
8041
8046
8048
8055
8060
8064
8065
8067
8069
8070
8072
8077
8078
8080
8081
8082
8084
8085
8088
8089
8090
8091
8092
8093
8094
8095
8096
8099
8100
8103
8106
8110
8111
8112
8118
8119
8120
8121
8124
8129
8131
8134
8137
8139
8143
8145
8147
8148
8152
8153
8154
8155
8156
8159
8160
8162
8163
8164
8167
8168
8169
8170
8173
8174
8176
8177
8181
8184
8186
8188
8189
8190
8191
8194
8195
8196
8198
8200
8201
8204
8205
8206
8211
8214
8221
8224
8225
8227
8229
8230
8231
8235
8237
8242
8243
8247
8248
8249
8250
8252
8255
8256
8261
8262
8263
8265
8267
8268
8271
8275
8277
8278
8280
8281
8282
8284
8287
8288
8289
8290
8292
8293
8296
8297
8300
8303
8304
8308
8314
8315
8318
8319
8323
8325
8326
8327
8328
8329
8336
8337
8338
8339
8342
8343
8345
8349
8350
8353
8354
8357
8358
8362
8363
8365
8366
8367
8369
8370
8374
8376
8377
8378
8379
8381
8382
8383
8384
8392
8394
8395
8396
8401
8402
8403
8406
8407
8408
8410
8411
8412
8418
8419
8421
8424
8426
8429
8432
8434
8435
8436
8437
8443
8444
8445
8446
8451
8452
8453
8454
8459
8460
8461
8462
8466
8469
8470
8472
8473
8474
8475
8476
8479
8482
8485
8486
8487
8488
8490
8492
8495
8496
8503
8504
8506
8509
8511
8512
8513
8515
8517
8518
8519
8521
8524
8525
8529
8531
8532
8534
8536
8537
8538
8540
8542
8546
8548
8550
8561
8563
8564
8567
8568
8569
8573
8574
8576
8580
8581
8582
8584
8585
8588
8597
8599
8601
8602
8605
8608
8610
8611
8612
8613
8616
8620
8621
8622
8623
8625
8626
8628
8630
8631
8634
8636
8637
8639
8640
8641
8642
8644
8648
8651
8654
8663
8664
8665
8667
8670
8671
8672
8673
8676
8678
8680
8687
8689
8690
8692
8696
8698
8699
8702
8706
8707
8708
8710
8711
8713
8715
8716
8717
8718
8720
8721
8723
8726
8728
8729
8730
8732
8733
8735
8736
8737
8740
8741
8743
8744
8748
8751
8752
8753
8755
8758
8759
8760
8761
8762
8763
8765
8768
8771
8772
8773
8774
8777
8780
8781
8782
8783
8787
8789
8797
8799
8801
8802
8804
8807
8811
8812
8813
8814
8815
8817
8818
8819
8821
8822
8823
8825
8828
8831
8834
8836
8839
8842
8843
8844
8845
8849
8850
8852
8855
8857
8860
8864
8866
8867
8868
8870
8873
8878
8879
8880
8882
8883
8885
8887
8888
8889
8893
8894
8898
8900
8901
8904
8905
8907
8908
8909
8911
8912
8913
8914
8915
8916
8918
8919
8920
8922
8923
8926
8930
8931
8932
8935
8936
8937
8938
8940
8945
8946
8950
8953
8955
8956
8958
8959
8960
8965
8967
8969
8970
8972
8975
8976
8977
8978
8980
8981
8984
8985
8986
8989
8990
8992
8997
8999
9000
9002
9004
9008
9010
9011
9013
9014
9016
9017
9019
9020
9022
9023
9026
9027
9028
9030
9033
9034
9035
9037
9038
9043
9044
9047
9048
9049
9052
9053
9054
9055
9058
9059
9061
9062
9063
9065
9067
9068
9070
9071
9072
9073
9076
9077
9079
9080
9081
9083
9085
9086
9092
9094
9096
9100
9104
9105
9107
9108
9109
9110
9112
9117
9119
9121
9125
9126
9128
9130
9131
9132
9133
9138
9140
9143
9144
9147
9152
9153
9154
9155
9157
9159
9160
9162
9163
9166
9167
9168
9169
9170
9172
9175
9178
9180
9183
9187
9188
9197
9202
9203
9204
9205
9206
9209
9211
9212
9214
9215
9218
9223
9225
9227
9231
9233
9236
9237
9238
9240
9241
9242
9243
9244
9246
9250
9255
9258
9260
9261
9262
9263
9266
9267
9270
9271
9274
9276
9278
9279
9280
9282
9285
9286
9287
9288
9289
9292
9295
9304
9305
9307
9308
9315
9317
9318
9320
9321
9324
9326
9327
9329
9330
9332
9333
9339
9340
9342
9343
9344
9348
9349
9351
9354
9358
9361
9364
9365
9366
9367
9370
9372
9375
9376
9378
9387
9388
9389
9390
9392
9393
9394
9395
9398
9399
9400
9401
9402
9403
9405
9406
9410
9412
9415
9416
9417
9418
9419
9425
9428
9432
9433
9437
9439
9440
9441
9451
9454
9455
9456
9459
9460
9462
9463
9467
9476
9478
9484
9485
9486
9487
9488
9489
9492
9493
9497
9499
9500
9503
9505
9506
9510
9511
9512
9513
9515
9517
9521
9524
9525
9526
9531
9533
9535
9540
9542
9543
9548
9553
9556
9558
9560
9562
9563
9564
9565
9566
9569
9570
9571
9573
9574
9575
9577
9578
9579
9580
9582
9585
9586
9588
9591
9593
9594
9600
9602
9603
9612
9613
9617
9618
9619
9621
9622
9624
9628
9631
9634
9635
9637
9638
9639
9641
9645
9647
9649
9650
9653
9654
9656
9658
9661
9663
9665
9667
9668
9669
9670
9671
9675
9676
9677
9679
9680
9685
9690
9692
9693
9694
9695
9698
9699
9700
9702
9704
9708
9711
9712
9714
9716
9717
9719
9720
9722
9725
9726
9727
9729
9730
9731
9732
9733
9734
9735
9737
9739
9740
9741
9743
9744
9746
9747
9748
9751
9758
9763
9766
9769
9774
9777
9780
9781
9783
9785
9788
9790
9791
9792
9794
9798
9799
9800
9803
9807
9810
9811
9812
9813
9818
9819
9822
9827
9834
9836
9838
9839
9840
9842
9845
9846
9849
9850
9851
9852
9856
9859
9862
9863
9864
9865
9867
9868
9869
9870
9873
9877
9879
9880
9888
9895
9897
9898
9899
9900
9902
9903
9904
9906
9907
9908
9909
9910
9911
9914
9915
9916
9923
9924
9925
9926
9929
9930
9933
9935
9939
9942
9943
9944
9945
9946
9949
9952
9953
9954
9955
9959
9960
9961
9965
9966
9967
9969
9970
9971
9975
9976
9977
9979
9980
9982
9985
9992
9993
