6
8
16
35
37
39
42
43
44
45
47
49
55
56
57
59
60
61
64
66
69
77
83
85
87
89
93
94
97
102
106
111
122
124
126
127
128
129
130
139
143
146
156
157
161
169
170
172
173
175
176
178
185
195
196
200
206
212
218
228
233
234
238
240
242
243
245
247
249
252
254
255
268
269
278
280
285
293
295
299
303
304
305
311
317
326
340
342
351
357
359
366
367
369
377
387
391
393
397
407
410
412
422
423
425
431
434
436
437
448
455
457
459
465
469
476
478
479
486
490
491
498
503
505
509
513
514
519
520
522
525
526
528
534
535
536
537
539
540
552
555
556
558
560
564
566
568
571
572
577
579
580
587
590
592
593
595
599
604
609
615
617
621
626
628
631
636
639
643
645
648
657
663
676
677
680
682
685
686
688
689
690
694
699
702
704
712
713
715
716
721
726
727
728
729
731
735
738
739
741
743
749
753
756
762
767
776
785
788
791
798
801
803
805
806
810
811
813
817
819
821
824
830
831
835
842
843
844
848
858
862
863
864
865
868
869
870
875
882
884
885
888
893
896
898
900
904
911
913
914
918
919
921
928
933
936
937
942
955
957
958
959
962
964
965
978
984
987
990
993
997
998
1007
1010
1011
1012
1013
1023
1024
1025
1026
1031
1041
1042
1052
1065
1078
1085
1089
1090
1094
1096
1098
1104
1109
1118
1119
1120
1121
1122
1123
1129
1133
1140
1142
1144
1145
1156
1161
1163
1165
1168
1169
1173
1174
1182
1185
1192
1193
1195
1196
1201
1203
1204
1207
1208
1209
1212
1219
1220
1221
1222
1225
1227
1228
1229
1230
1233
1235
1238
1239
1240
1242
1245
1247
1252
1256
1261
1270
1272
1275
1276
1278
1282
1283
1285
1292
1293
1295
1297
1299
1302
1319
1323
1326
1338
1343
1350
1352
1365
1366
1370
1375
1376
1379
1382
1383
1386
1390
1391
1399
1401
1404
1412
1413
1419
1422
1433
1435
1440
1442
1445
1453
1459
1461
1470
1472
1474
1476
1481
1488
1489
1494
1495
1501
1507
1512
1516
1524
1526
1529
1538
1541
1544
1545
1551
1552
1553
1554
1555
1558
1561
1566
1567
1570
1571
1573
1578
1579
1583
1588
1589
1590
1591
1594
1596
1598
1609
1611
1612
1614
1618
1619
1620
1625
1626
1627
1634
1637
1643
1647
1649
1652
1654
1655
1661
1666
1668
1669
1670
1672
1676
1677
1681
1684
1690
1691
1692
1694
1703
1709
1710
1712
1713
1714
1717
1723
1724
1730
1732
1737
1744
1746
1747
1749
1751
1753
1754
1755
1761
1767
1768
1770
1774
1786
1788
1792
1796
1798
1800
1803
1806
1813
1815
1820
1821
1826
1830
1836
1838
1840
1841
1851
1852
1854
1856
1858
1860
1861
1863
1869
1873
1877
1881
1886
1887
1890
1891
1892
1893
1897
1901
1906
1908
1911
1914
1915
1919
1923
1925
1929
1930
1931
1933
1936
1941
1944
1949
1950
1952
1953
1954
1958
1959
1960
1962
1971
1973
1974
1978
1980
1984
1985
1986
1988
1990
1991
1998
1999
2002
2004
2007
2011
2012
2020
2021
2023
2026
2037
2041
2048
2049
2056
2058
2060
2061
2067
2069
2070
2071
2072
2073
2079
2080
2084
2095
2096
2097
2099
2102
2103
2110
2112
2113
2114
2117
2119
2125
2126
2128
2129
2132
2133
2134
2135
2138
2139
2143
2146
2150
2152
2153
2156
2157
2163
2165
2166
2169
2180
2182
2186
2196
2197
2199
2200
2201
2202
2206
2213
2214
2217
2219
2221
2228
2236
2245
2257
2260
2263
2265
2267
2269
2274
2276
2278
2280
2285
2286
2287
2290
2295
2296
2297
2298
2299
2303
2306
2309
2313
2321
2329
2334
2335
2336
2345
2346
2350
2351
2352
2361
2365
2368
2384
2387
2393
2399
2418
2422
2425
2427
2433
2436
2437
2440
2443
2444
2446
2451
2452
2453
2457
2460
2462
2465
2467
2468
2478
2487
2488
2491
2492
2498
2506
2508
2522
2523
2531
2541
2542
2551
2556
2564
2565
2571
2572
2577
2578
2579
2580
2583
2586
2588
2593
2604
2606
2608
2615
2617
2618
2621
2622
2625
2626
2630
2634
2640
2641
2643
2647
2648
2660
2663
2668
2670
2671
2680
2682
2685
2688
2691
2702
2706
2716
2717
2719
2724
2728
2729
2730
2732
2737
2748
2751
2752
2755
2756
2757
2759
2762
2764
2767
2768
2771
2772
2777
2781
2785
2786
2787
2799
2806
2809
2819
2821
2827
2829
2834
2847
2849
2850
2852
2858
2860
2861
2862
2864
2869
2872
2877
2888
2891
2897
2898
2899
2903
2905
2911
2917
2919
2922
2925
2926
2929
2931
2935
2943
2958
2960
2963
2979
2981
2984
2985
2987
2988
2993
2994
2995
2996
3000
3001
3004
3005
3010
3015
3025
3026
3032
3034
3035
3039
3049
3051
3052
3057
3058
3059
3060
3067
3068
3082
3083
3084
3086
3087
3095
3099
3103
3105
3112
3116
3126
3127
3128
3129
3132
3144
3145
3146
3149
3152
3153
3157
3158
3159
3161
3166
3168
3170
3172
3178
3198
3199
3200
3203
3208
3210
3212
3213
3216
3217
3218
3225
3226
3228
3232
3242
3246
3248
3250
3253
3258
3259
3261
3264
3266
3267
3269
3274
3276
3283
3286
3288
3291
3298
3304
3315
3321
3324
3325
3326
3332
3333
3337
3338
3341
3342
3344
3349
3350
3353
3355
3358
3366
3368
3370
3373
3377
3381
3382
3386
3390
3391
3393
3395
3401
3405
3409
3416
3417
3418
3429
3431
3432
3445
3448
3453
3456
3458
3462
3463
3464
3465
3466
3467
3468
3471
3472
3478
3486
3492
3494
3498
3500
3503
3507
3512
3513
3514
3515
3523
3524
3527
3532
3541
3543
3545
3554
3556
3562
3564
3567
3568
3569
3572
3577
3578
3582
3583
3590
3593
3605
3606
3607
3624
3626
3634
3645
3648
3652
3655
3659
3661
3663
3667
3670
3676
3677
3679
3680
3685
3689
3693
3700
3710
3714
3718
3720
3721
3722
3723
3726
3731
3736
3737
3740
3746
3749
3751
3752
3756
3760
3763
3765
3766
3773
3775
3776
3780
3781
3784
3787
3788
3795
3796
3799
3800
3801
3803
3804
3806
3808
3810
3815
3819
3825
3826
3827
3836
3837
3839
3841
3844
3854
3867
3868
3870
3875
3883
3887
3891
3892
3893
3894
3903
3908
3911
3915
3918
3920
3921
3928
3930
3931
3939
3941
3942
3944
3945
3947
3950
3952
3953
3955
3958
3959
3963
3968
3977
3980
3981
3985
3986
3989
3990
3992
3993
3995
3996
4006
4015
4024
4025
4029
4031
4033
4036
4039
4042
4051
4052
4054
4056
4061
4063
4073
4078
4081
4084
4085
4086
4088
4092
4100
4103
4107
4109
4117
4120
4124
4130
4131
4133
4134
4139
4141
4142
4143
4145
4146
4148
4155
4162
4163
4164
4166
4167
4171
4174
4175
4180
4181
4184
4185
4186
4187
4192
4198
4200
4203
4205
4206
4211
4218
4220
4222
4224
4226
4230
4234
4241
4242
4245
4246
4247
4248
4252
4254
4256
4259
4260
4262
4264
4265
4267
4269
4278
4281
4294
4295
4305
4308
4309
4312
4313
4322
4323
4324
4331
4332
4334
4341
4343
4346
4348
4349
4353
4356
4357
4358
4361
4367
4375
4381
4389
4391
4394
4398
4399
4401
4402
4403
4408
4410
4411
4412
4415
4425
4426
4428
4430
4437
4441
4444
4445
4446
4448
4449
4450
4452
4456
4457
4458
4460
4465
4467
4468
4469
4470
4473
4478
4481
4482
4488
4491
4494
4495
4497
4504
4505
4506
4508
4511
4515
4518
4520
4522
4524
4531
4532
4534
4535
4546
4548
4550
4552
4556
4560
4562
4563
4565
4568
4571
4574
4575
4579
4584
4585
4586
4587
4588
4595
4599
4600
4606
4607
4608
4611
4617
4620
4624
4629
4633
4635
4642
4645
4647
4648
4649
4654
4655
4656
4663
4664
4666
4667
4668
4669
4671
4673
4675
4679
4686
4689
4690
4694
4695
4697
4704
4705
4706
4709
4710
4711
4712
4715
4721
4725
4726
4730
4734
4736
4746
4752
4753
4761
4762
4770
4772
4776
4777
4781
4784
4786
4789
4805
4812
4824
4827
4828
4830
4833
4837
4839
4843
4845
4847
4849
4850
4852
4854
4859
4861
4864
4866
4867
4874
4875
4896
4897
4898
4900
4907
4912
4923
4925
4927
4930
4932
4941
4942
4943
4948
4950
4952
4953
4954
4955
4964
4970
4971
4972
4975
4976
4983
4984
4986
4991
4994
4997
5004
5008
5020
5025
5029
5030
5032
5041
5045
5050
5053
5056
5061
5064
5072
5078
5081
5086
5092
5107
5108
5109
5111
5115
5119
5123
5124
5129
5133
5138
5145
5148
5157
5161
5165
5166
5168
5170
5171
5173
5178
5182
5184
5185
5186
5188
5189
5197
5199
5200
5201
5202
5203
5206
5210
5215
5216
5217
5220
5225
5226
5227
5233
5237
5238
5241
5250
5252
5259
5264
5268
5269
5279
5285
5287
5289
5291
5294
5297
5304
5305
5316
5317
5321
5323
5332
5334
5335
5340
5343
5346
5347
5357
5366
5376
5377
5380
5385
5389
5392
5393
5394
5396
5400
5402
5405
5410
5412
5414
5415
5420
5421
5434
5437
5438
5439
5441
5446
5455
5459
5460
5466
5469
5470
5472
5476
5478
5482
5485
5486
5487
5491
5492
5497
5501
5507
5508
5514
5518
5527
5528
5529
5530
5534
5538
5541
5543
5548
5549
5550
5555
5559
5563
5566
5568
5574
5582
5588
5590
5591
5593
5594
5595
5601
5604
5605
5610
5618
5622
5626
5637
5644
5646
5650
5655
5657
5659
5664
5665
5676
5678
5679
5680
5682
5685
5686
5689
5691
5702
5704
5708
5718
5720
5721
5723
5730
5736
5744
5746
5752
5754
5759
5766
5772
5774
5776
5777
5784
5787
5789
5791
5796
5802
5805
5806
5807
5820
5821
5822
5827
5831
5838
5844
5846
5849
5850
5851
5853
5855
5856
5861
5864
5876
5879
5888
5895
5901
5910
5916
5918
5933
5944
5949
5950
5953
5955
5960
5961
5962
5963
5964
5971
5973
5981
5983
5990
5994
5995
5996
6005
6009
6013
6016
6024
6025
6031
6038
6044
6047
6052
6059
6063
6064
6066
6067
6068
6073
6079
6084
6086
6092
6098
6105
6120
6124
6125
6126
6127
6128
6135
6137
6139
6145
6148
6151
6152
6153
6156
6162
6163
6171
6172
6173
6175
6177
6185
6193
6195
6198
6200
6201
6209
6214
6222
6226
6227
6229
6234
6238
6239
6241
6251
6258
6259
6262
6265
6269
6270
6272
6274
6284
6286
6292
6294
6295
6301
6307
6308
6310
6312
6325
6326
6334
6339
6340
6341
6342
6344
6345
6350
6358
6359
6360
6361
6363
6369
6373
6383
6386
6388
6389
6393
6396
6397
6398
6399
6403
6404
6405
6411
6421
6426
6432
6434
6444
6457
6463
6465
6475
6477
6478
6479
6488
6492
6494
6503
6504
6505
6513
6515
6518
6526
6527
6541
6542
6543
6547
6548
6549
6550
6554
6555
6557
6558
6562
6564
6567
6568
6569
6570
6576
6577
6584
6585
6587
6592
6593
6596
6603
6615
6617
6622
6623
6624
6627
6629
6638
6639
6640
6643
6644
6646
6654
6657
6658
6663
6671
6676
6677
6682
6683
6685
6689
6691
6695
6698
6699
6701
6702
6703
6706
6707
6709
6713
6715
6717
6719
6721
6725
6727
6728
6739
6742
6744
6747
6762
6765
6766
6776
6779
6781
6787
6796
6805
6815
6816
6819
6820
6826
6827
6829
6832
6835
6841
6842
6847
6849
6850
6861
6862
6864
6866
6872
6873
6877
6879
6880
6882
6886
6888
6890
6891
6896
6897
6899
6900
6901
6904
6905
6908
6912
6915
6918
6922
6923
6924
6925
6932
6934
6941
6942
6943
6946
6947
6958
6963
6968
6973
6981
6982
6987
6989
6994
6997
7000
7004
7007
7010
7013
7018
7024
7030
7033
7036
7037
7044
7045
7048
7052
7064
7067
7068
7074
7075
7076
7080
7081
7082
7084
7086
7092
7095
7099
7100
7102
7104
7105
7110
7115
7129
7131
7135
7138
7140
7141
7142
7145
7147
7150
7155
7158
7162
7163
7164
7172
7176
7190
7193
7196
7197
7198
7200
7204
7205
7212
7214
7227
7230
7236
7244
7253
7257
7260
7262
7265
7269
7271
7272
7274
7275
7278
7279
7281
7282
7294
7295
7296
7298
7299
7300
7302
7310
7313
7314
7315
7316
7324
7335
7336
7338
7343
7344
7346
7348
7349
7353
7354
7357
7358
7372
7373
7377
7394
7395
7398
7410
7412
7414
7418
7419
7424
7427
7430
7432
7435
7437
7438
7439
7448
7450
7453
7455
7460
7462
7465
7466
7467
7470
7472
7480
7484
7489
7493
7497
7509
7514
7522
7525
7532
7540
7541
7545
7549
7550
7552
7554
7564
7566
7573
7580
7590
7591
7594
7610
7621
7623
7636
7639
7643
7647
7648
7649
7650
7669
7670
7674
7677
7688
7689
7691
7696
7710
7714
7717
7718
7725
7728
7731
7733
7739
7741
7743
7751
7752
7754
7758
7760
7762
7764
7768
7769
7771
7772
7774
7787
7790
7791
7795
7801
7809
7812
7819
7820
7821
7822
7823
7825
7826
7828
7830
7831
7845
7850
7853
7855
7857
7859
7862
7864
7865
7870
7871
7875
7879
7880
7884
7885
7887
7891
7894
7899
7901
7905
7907
7908
7909
7910
7913
7915
7916
7918
7921
7922
7924
7925
7926
7928
7931
7941
7942
7952
7955
7957
7959
7961
7962
7965
7966
7976
7978
7979
7980
7982
7983
7986
7988
7989
7992
7996
7998
7999
8001
8004
8008
8009
8010
8016
8017
8018
8019
8026
8028
8029
8030
8031
8032
8034
8035
8039
8042
8043
8045
8049
8053
8056
8057
8058
8059
8061
8062
8063
8068
8071
8073
8086
8087
8097
8098
8105
8108
8113
8114
8115
8116
8117
8122
8123
8128
8130
8132
8133
8136
8138
8141
8142
8146
8149
8150
8151
8157
8166
8172
8175
8178
8179
8182
8183
8185
8187
8203
8209
8213
8220
8222
8226
8234
8236
8238
8244
8251
8258
8260
8264
8269
8270
8272
8273
8276
8279
8285
8286
8291
8294
8295
8298
8301
8307
8310
8311
8313
8316
8317
8320
8321
8322
8324
8331
8332
8335
8340
8341
8344
8346
8348
8351
8352
8355
8356
8359
8360
8368
8372
8375
8385
8386
8387
8388
8399
8414
8416
8420
8422
8425
8428
8430
8431
8438
8441
8442
8448
8450
8455
8456
8464
8465
8467
8468
8478
8484
8493
8498
8499
8500
8502
8505
8507
8520
8527
8528
8530
8533
8535
8539
8543
8552
8553
8555
8556
8557
8560
8562
8565
8575
8577
8579
8590
8591
8594
8595
8600
8614
8615
8632
8633
8638
8646
8647
8655
8657
8658
8659
8660
8661
8662
8666
8668
8669
8675
8677
8679
8682
8683
8685
8686
8688
8693
8695
8700
8701
8703
8704
8705
8712
8722
8724
8725
8727
8734
8738
8745
8747
8749
8750
8766
8767
8769
8776
8785
8786
8788
8790
8792
8793
8794
8795
8796
8798
8803
8805
8808
8816
8826
8829
8832
8833
8835
8837
8841
8847
8853
8854
8856
8859
8861
8863
8869
8871
8874
8875
8877
8884
8886
8891
8895
8896
8899
8902
8903
8910
8921
8925
8933
8934
8941
8942
8943
8948
8949
8951
8952
8954
8962
8963
8973
8982
8983
8987
8991
8993
8995
8996
9001
9006
9012
9015
9021
9024
9029
9031
9032
9036
9040
9041
9042
9045
9050
9064
9066
9075
9078
9082
9084
9087
9089
9093
9095
9099
9101
9102
9106
9111
9115
9122
9127
9129
9135
9141
9145
9148
9149
9150
9151
9158
9164
9165
9171
9174
9179
9181
9184
9186
9191
9193
9195
9196
9198
9201
9207
9208
9213
9216
9217
9220
9221
9226
9230
9232
9234
9247
9248
9249
9251
9254
9257
9264
9268
9277
9281
9283
9284
9291
9297
9298
9300
9302
9306
9310
9312
9313
9314
9319
9322
9325
9328
9331
9334
9335
9336
9337
9341
9346
9350
9352
9355
9356
9371
9374
9377
9379
9380
9382
9384
9385
9386
9396
9397
9404
9408
9420
9421
9423
9426
9427
9429
9430
9434
9435
9438
9443
9446
9447
9448
9449
9450
9457
9461
9465
9466
9468
9469
9471
9475
9479
9482
9483
9495
9498
9501
9502
9507
9509
9514
9518
9519
9522
9523
9528
9529
9532
9536
9538
9539
9544
9546
9551
9552
9554
9557
9559
9568
9576
9581
9584
9592
9595
9598
9608
9610
9616
9623
9625
9626
9627
9629
9630
9633
9640
9642
9643
9646
9655
9657
9659
9672
9673
9681
9682
9683
9684
9686
9687
9691
9697
9701
9705
9706
9707
9709
9713
9724
9728
9742
9749
9755
9762
9764
9765
9768
9770
9771
9773
9775
9778
9782
9784
9789
9793
9796
9797
9801
9802
9805
9806
9815
9816
9824
9825
9829
9832
9841
9843
9844
9847
9848
9854
9855
9858
9860
9866
9871
9875
9878
9881
9882
9884
9886
9887
9889
9892
9893
9894
9896
9905
9912
9913
9919
9921
9927
9931
9936
9941
9947
9968
9974
9978
9981
9983
9990
