8
15
23
25
62
70
74
85
106
107
113
138
143
144
183
187
211
233
276
458
481
484
498
522
531
558
573
587
589
646
695
786
794
820
840
888
895
916
968
988
1011
1019
1028
1042
1053
1100
1116
1125
1152
1161
1166
1193
1240
1242
1243
1277
1328
1363
1366
1427
1439
1442
1451
1453
1462
1598
1603
1660
1676
1679
1685
1693
1755
1759
1775
1776
1781
1788
1830
1898
1900
1944
1969
1978
2002
2006
2007
2048
2053
2064
2079
2087
2090
2096
2148
2197
2230
2345
2385
2396
2397
2435
2445
2456
2458
2478
2652
2692
2738
2744
2751
2765
2830
2865
2882
2896
2897
2908
2910
2920
2924
2937
2979
2980
2988
3012
3021
3026
3049
3050
3112
3151
3165
3198
3212
3242
3290
3303
3345
3365
3413
3418
3424
3451
3526
3539
3542
3569
3602
3608
3632
3701
3706
3709
3736
3748
3768
3797
3800
3805
3822
3850
3873
3887
3931
3933
3950
3963
4038
4051
4060
4079
4102
4104
4123
4136
4139
4148
4197
4208
4231
4295
4306
4314
4315
4320
4331
4357
4382
4408
4409
4445
4451
4479
4489
4501
4510
4519
4540
4549
4578
4590
4602
4627
4628
4650
4653
4666
4703
4725
4730
4761
4774
4781
4787
4799
4812
4820
4824
4850
4853
4874
4878
4887
4948
5014
5028
5030
5070
5097
5106
5142
5171
5190
5204
5223
5248
5278
5290
5303
5350
5364
5375
5389
5413
5426
5439
5446
5454
5478
5479
5542
5543
5560
5615
5629
5631
5637
5671
5698
5750
5754
5758
5767
5789
5815
5818
5850
5932
5950
5962
5965
5968
6020
6026
6042
6045
6052
6078
6087
6100
6111
6150
6153
6168
6207
6220
6231
6259
6260
6298
6319
6329
6363
6369
6376
6388
6417
6439
6462
6465
6477
6502
6519
6587
6637
6639
6644
6647
6674
6752
6759
6870
6902
6903
6970
6996
7008
7025
7040
7075
7100
7159
7179
7203
7206
7218
7223
7225
7306
7309
7330
7343
7354
7384
7401
7414
7443
7499
7513
7570
7591
7597
7627
7636
7639
7641
7677
7727
7737
7742
7761
7768
7792
7795
7807
7842
7856
7888
7941
7947
7949
7972
7977
7987
8015
8065
8070
8099
8111
8142
8164
8173
8186
8187
8197
8202
8207
8219
8243
8250
8255
8270
8313
8324
8337
8346
8381
8404
8416
8417
8421
8457
8477
8542
8549
8554
8557
8579
8597
8615
8645
8655
8688
8709
8717
8726
8757
8802
8831
8844
8867
8871
8889
8958
9033
9038
9051
9068
9079
9091
9098
9139
9183
9210
9223
9233
9269
9287
9344
9364
9379
9410
9421
9434
9463
9465
9478
9484
9499
9556
9601
9651
9703
9730
9748
9795
9797
9798
9814
9817
9825
9839
9850
9871
9889
9915
9932
9969
9972
9975
